1650546630458469658
1650546630927214269
1650546631395969408
1650546631864798629
1650546632333466561
1650546632802219385
1650546633271028922
1650546633739722415
1650546634208481799
1650546634677213880
1650546635145958390
1650546635614732369
1650546636083476433
1650546636552222586
1650546637020988188
1650546637489737439
1650546637958466283
1650546638427240320
1650546638895997447
1650546639364758420
1650546639833457312
1650546640302236264
1650546640771019053
1650546641239740917
1650546641708483710
1650546642177222237
1650546642645960552
1650546643114786605
1650546643583549641
1650546644052221963
1650546644520955581
1650546644989720016
1650546645458474411
1650546645927221607
1650546646395963357
1650546646864728976
1650546647333448583
1650546647802224857
1650546648270966141
1650546648739758485
1650546649208481167
1650546649677222679
1650546650145956576
1650546650614779475
1650546651083516643
1650546651552236350
1650546652020974955
1650546652489726651
1650546652958456994
1650546653427215992
1650546653895968328
1650546654364780306
1650546654833459671
1650546655302214805
1650546655770949433
1650546656239732559
1650546656708461060
1650546657177235913
1650546657645953881
1650546658114836132
1650546658583465620
1650546659052226419
1650546659520988088
1650546659989717200
1650546660458468668
1650546660927216715
1650546661395953671
1650546661864750116
1650546662333473741
1650546662802213580
1650546663270971277
1650546663739723695
1650546664208473161
1650546664677218379
1650546665145966421
1650546665614751345
1650546666083492595
1650546666552222793
1650546667020965846
1650546667489726911
1650546667958460382
1650546668427201593
1650546668895963130
1650546669364739756
1650546669833474538
1650546670302218939
1650546670770971704
1650546671239858859
1650546671708480521
1650546672177214818
1650546672645987975
1650546673114797801
1650546673583463697
1650546674052228188
1650546674520973045
1650546674989731032
1650546675458470389
1650546675927243143
1650546676395950565
1650546676864728059
1650546677333538076
1650546677802219467
1650546678271057769
1650546678739762609
1650546679208482255
1650546679677220980
1650546680145970278
1650546680614735787
1650546681083505597
1650546681552213470
1650546682020988613
1650546682489708992
1650546682958459446
1650546683427222147
1650546683895958967
1650546684364719096
1650546684833473977
1650546685302206542
1650546685771087273
1650546686239721999
1650546686708478470
1650546687177223924
1650546687645973259
1650546688114752241
1650546688583485835
1650546689052201423
1650546689520949599
1650546689989716719
1650546690458485400
1650546690927232331
1650546691395964025
1650546691864730350
1650546692333462859
1650546692802210138
1650546693270965264
1650546693739880953
1650546694208473752
1650546694677218331
1650546695145961630
1650546695614719165
1650546696083484929
1650546696552321927
1650546697020976693
1650546697489722843
1650546697958460029
1650546698427297022
1650546698895964439
1650546699364749895
1650546699833453181
1650546700302229326
1650546700770963374
1650546701239701657
1650546701708499176
1650546702177226675
1650546702645964224
1650546703114731128
1650546703583471861
1650546704052212136
1650546704520979447
1650546704989731314
1650546705458490675
1650546705927223476
1650546706395964589
1650546706864803329
1650546707333470975
1650546707802219842
1650546708270967617
1650546708739736802
1650546709208488673
1650546709677217751
1650546710145966498
1650546710614728106
1650546711083467212
1650546711552204759
1650546712020951599
1650546712489723498
1650546712958491544
1650546713427210344
1650546713895966448
1650546714364769009
1650546714833484211
1650546715302216201
1650546715770974894
1650546716239701037
1650546716708482503
1650546717177218339
1650546717646012153
1650546718114742797
1650546718583489554
1650546719052238859
1650546719520970897
1650546719989713972
1650546720458493519
1650546720927227026
1650546721395964703
1650546721864721440
1650546722333465509
1650546722802230869
1650546723270950960
1650546723739747260
1650546724208549989
1650546724677219951
1650546725145968039
1650546725614729521
1650546726083469915
1650546726552224603
1650546727020970083
1650546727489727979
1650546727958465873
1650546728427205504
1650546728895950683
1650546729364726183
1650546729833479020
1650546730302217001
1650546730770962385
1650546731239741034
1650546731708508339
1650546732177228491
1650546732645966384
1650546733114728134
1650546733583490784
1650546734052213224
1650546734520980689
1650546734989722024
1650546735458511048
1650546735927221939
1650546736395977676
1650546736864770924
1650546737333463635
1650546737802220628
1650546738270967703
1650546738739714147
1650546739208495311
1650546739677240206
1650546740145969588
1650546740614765346
1650546741083465262
1650546741552276160
1650546742020974037
1650546742489704299
1650546742958460949
1650546743427219599
1650546743895979597
1650546744364820805
1650546744833471280
1650546745302214026
1650546745770971537
1650546746239722565
1650546746708498889
1650546747177202940
1650546747645964653
1650546748114748154
1650546748583463627
1650546749052235690
1650546749521208335
1650546749989723790
1650546750458462103
1650546750927287250
1650546751395979091
1650546751864781705
1650546752333464166
1650546752802228914
1650546753270950090
1650546753739720678
1650546754208465735
1650546754677225998
1650546755145961419
1650546755614709282
1650546756083467993
1650546756552223421
1650546757020959071
1650546757489724491
1650546757958489078
1650546758427235567
1650546758895967091
1650546759364767262
1650546759833516612
1650546760302231687
1650546760770965587
1650546761239728994
1650546761708464925
1650546762177220275
1650546762645972072
1650546763114731865
1650546763583470270
1650546764052230062
1650546764520976205
1650546764989725181
1650546765458492193
1650546765927226611
1650546766395969105
1650546766864812615
1650546767333465406
1650546767802216025
1650546768270963170
1650546768739727438
1650546769208479160
1650546769677241086
1650546770145973864
1650546770614839120
1650546771083469020
1650546771554742061
1650546772020967325
1650546772489723536
1650546772958473729
1650546773427217049
1650546773895962848
1650546774364757351
1650546774833453549
1650546775302345414
1650546775771009356
1650546776239714944
1650546776708488546
1650546777177236990
1650546777645970438
1650546778114730644
1650546778583498947
1650546779052221191
1650546779520967959
1650546779989716097
1650546780458504145
1650546780927221520
1650546781395965001
1650546781864750883
1650546782333469868
1650546782802241940
1650546783271011551
1650546783739720792
1650546784208485620
1650546784677267298
1650546785145966788
1650546785614728568
1650546786083464971
1650546786552251292
1650546787020961607
1650546787489712652
1650546787958454512
1650546788427283282
1650546788896013713
1650546789364767331
1650546789833463513
1650546790302203196
1650546790770978029
1650546791239714847
1650546791708498275
1650546792177232151
1650546792645978022
1650546793114730471
1650546793583473910
1650546794052206320
1650546794520949841
1650546794989737028
1650546795458474027
1650546795927224071
1650546796395955706
1650546796864731287
1650546797333476924
1650546797802214114
1650546798270968122
1650546798739726211
1650546799208514419
1650546799677226629
1650546800145959703
1650546800614721860
1650546801083482315
1650546801552222714
1650546802021020157
1650546802489714944
1650546802958470470
1650546803427201654
1650546803895978007
1650546804364765671
1650546804833468053
1650546805302214900
1650546805770968879
1650546806239720684
1650546806708488980
1650546807177249703
1650546807645969999
1650546808114762711
1650546808583456744
1650546809052213852
1650546809520953526
1650546809989736013
1650546810458463319
1650546810927217000
1650546811395968804
1650546811864772323
1650546812333487513
1650546812802215314
1650546813270971812
1650546813739721241
1650546814208494805
1650546814677297934
1650546815145966026
1650546815614740872
1650546816083466136
1650546816552217936
1650546817020985371
1650546817489714159
1650546817958495075
1650546818427219832
1650546818895964753
1650546819364762432
1650546819833477800
1650546820302213365
1650546820770964693
1650546821239743566
1650546821708516538
1650546822177217553
1650546822645970649
1650546823114764688
1650546823583470239
1650546824052227416
1650546824520967917
1650546824989729974
1650546825458542030
1650546825927219074
1650546826395969651
1650546826864731992
1650546827333456753
1650546827802220076
1650546828270974000
1650546828739712062
1650546829208462556
1650546829677223409
1650546830145966564
1650546830614807594
1650546831083478447
1650546831552215932
1650546832020973292
1650546832489735211
1650546832958504295
1650546833427217003
1650546833895961445
1650546834364782858
1650546834833466896
1650546835302211943
1650546835770983759
1650546836239720473
1650546836708545158
1650546837177217558
1650546837645966018
1650546838114736692
1650546838583474407
1650546839052211745
1650546839520975915
1650546839989738733
1650546840458519924
1650546840927218734
1650546841395970066
1650546841864724402
1650546842333468039
1650546842802223232
1650546843270965192
1650546843739718352
1650546844208459097
1650546844677204481
1650546845145965804
1650546845614769318
1650546846083470479
1650546846552211993
1650546847020959767
1650546847489708444
1650546847958475046
1650546848427232187
1650546848895962563
1650546849364712962
1650546849833474775
1650546850302212134
1650546850770973181
1650546851239711850
1650546851708476980
1650546852177216718
1650546852645957003
1650546853114751642
1650546853583471025
1650546854052228991
1650546854520950415
1650546854989711951
1650546855458490762
1650546855927222893
1650546856395959748
1650546856864754361
1650546857333453316
1650546857802206022
1650546858270972463
1650546858739717704
1650546859208478112
1650546859677205072
1650546860145965853
1650546860614746179
1650546861083462703
1650546861554239431
1650546862020961641
1650546862489727510
1650546862958475508
1650546863427217821
1650546863895964255
1650546864364717676
1650546864833479082
1650546865302211704
1650546865770960802
1650546866239725327
1650546866708458543
1650546867177202915
1650546867645962746
1650546868114792556
1650546868583471873
1650546869052222769
1650546869520991384
1650546869989723332
1650546870458471777
1650546870927219782
1650546871395978681
1650546871864754241
1650546872333462629
1650546872802221299
1650546873270969379
1650546873739743454
1650546874208463003
1650546874677218038
1650546875145970296
1650546875614745308
1650546876083471200
1650546876552219410
1650546877020963399
1650546877489716213
1650546877958478713
1650546878427231345
1650546878895967096
1650546879364732192
1650546879833466527
1650546880302221586
1650546880770964133
1650546881239722785
1650546881708474284
1650546882177214176
1650546882645973737
1650546883114739312
1650546883583465676
1650546884052209433
1650546884520961598
1650546884989732948
1650546885458479095
1650546885927220874
1650546886395974590
1650546886864708651
1650546887333463454
1650546887802255201
1650546888270972295
1650546888739708451
1650546889208470871
1650546889677214379
1650546890145965329
1650546890614734947
1650546891083468129
1650546891552304394
1650546892020971550
1650546892489725516
1650546892958487686
1650546893427228051
1650546893895956255
1650546894364721164
1650546894833468439
1650546895302216022
1650546895770982699
1650546896239726085
1650546896708475385
1650546897177230851
1650546897645965720
1650546898114742173
1650546898583466757
1650546899052214955
1650546899520973179
1650546899989733366
1650546900458477023
1650546900927219368
1650546901395969935
1650546901864748919
1650546902333470841
1650546902802225258
1650546903270975756
1650546903739705367
1650546904208467218
1650546904677214503
1650546905145968725
1650546905614744738
1650546906083460498
1650546906552213869
1650546907020961740
1650546907489733245
1650546907958477269
1650546908427214069
1650546908895954319
1650546909364776840
1650546909833462576
1650546910302211688
1650546910770968167
1650546911239731072
1650546911708472665
1650546912177268511
1650546912645966458
1650546913114727579
1650546913583468952
1650546914052215402
1650546914521013387
1650546914989710983
1650546915458485374
1650546915927213470
1650546916395965207
1650546916864711265
1650546917333547644
1650546917802223072
1650546918270977649
1650546918739713445
1650546919208531052
1650546919677219217
1650546920145951187
1650546920614755163
1650546921083457700
1650546921552227359
1650546922020966369
1650546922489732264
1650546922958555845
1650546923427225028
1650546923895960363
1650546924364782982
1650546924833470793
1650546925302216199
1650546925771007264
1650546926239736715
1650546926708473331
1650546927177220012
1650546927645959862
1650546928114730163
1650546928583463320
1650546929052212869
1650546929520951057
1650546929989708114
1650546930458504014
1650546930927275879
1650546931395968415
1650546931864734253
1650546932333479555
1650546932802219533
1650546933270950488
1650546933739726160
1650546934208492510
1650546934677217247
1650546935145988731
1650546935614723458
1650546936083484873
1650546936552224293
1650546937020972158
1650546937489712863
1650546937958474827
1650546938427213759
1650546938895985601
1650546939364735166
1650546939833479755
1650546940302211508
1650546940770978475
1650546941239715101
1650546941708483389
1650546942177219777
1650546942645970644
1650546943114726054
1650546943583452111
1650546944052201411
1650546944521016900
1650546944989731296
1650546945458498251
1650546945927229040
1650546946395968866
1650546946864735586
1650546947333470265
1650546947802213637
1650546948270963576
1650546948739741025
1650546949208462409
1650546949677229491
1650546950145963190
1650546950614735385
1650546951083495658
1650546951552221801
1650546952020950740
1650546952489722200
1650546952958462308
1650546953427273119
1650546953895976432
1650546954364734279
1650546954833478020
1650546955302227866
1650546955770973497
1650546956239717674
1650546956708478695
1650546957177221740
1650546957645973428
1650546958114760917
1650546958583467716
1650546959052218202
1650546959521018113
1650546959989707931
1650546960458469710
1650546960927210361
1650546961395963360
1650546961864779344
1650546962333508951
1650546962802213822
1650546963270980407
1650546963739715056
1650546964208483563
1650546964677216099
1650546965145964732
1650546965614759359
1650546966083482840
1650546966552201354
1650546967020957535
1650546967489708343
1650546967958485169
1650546968427207084
1650546968895986334
1650546969364699095
1650546969833450546
1650546970302211210
1650546970770953325
1650546971239721706
1650546971708501503
1650546972177204601
1650546972645967894
1650546973114710339
1650546973583461239
1650546974052216159
1650546974520963056
1650546974989711527
1650546975458474863
1650546975927225960
1650546976395962030
1650546976864719641
1650546977333467928
1650546977802211256
1650546978270973943
1650546978739723415
1650546979208478058
1650546979677229655
1650546980145981532
1650546980614766938
1650546981083470383
1650546981552227987
1650546982020965998
1650546982489784023
1650546982958487454
1650546983427215731
1650546983895965934
1650546984364753425
1650546984833468123
1650546985302203550
1650546985770965353
1650546986239719531
1650546986708558790
1650546987177312368
1650546987645961676
1650546988114782394
1650546988583453177
1650546989052227702
1650546989520963274
1650546989989767605
1650546990458495984
1650546990927206604
1650546991395969716
1650546991864759625
1650546992333460746
1650546992802199018
1650546993270967574
1650546993739710487
1650546994208492274
1650546994677222901
1650546995145952698
1650546995614739873
1650546996083492642
1650546996552222993
1650546997020966882
1650546997489720966
1650546997958475513
1650546998427204532
1650546998895960034
1650546999364746524
1650546999833462646
1650547000302217479
1650547000770988092
1650547001239713692
1650547001708475334
1650547002177222849
1650547002645964445
1650547003114742394
1650547003583453907
1650547004052229975
1650547004520977126
1650547004989712499
1650547005458471752
1650547005927226560
1650547006395962042
1650547006864769692
1650547007333466441
1650547007802216544
1650547008270980652
1650547008739713005
1650547009208481991
1650547009677204019
1650547010145973420
1650547010614735548
1650547011083470493
1650547011552253093
1650547012020952897
1650547012489721597
1650547012958511779
1650547013427220098
1650547013895970880
1650547014364729483
1650547014833486848
1650547015302210976
1650547015770951885
1650547016239727131
1650547016708503048
1650547017177218356
1650547017645961002
1650547018114723539
1650547018583485026
1650547019052232587
1650547019520970989
1650547019989708835
1650547020458508928
1650547020927215985
1650547021395999140
1650547021864781593
1650547022333458753
1650547022802246750
1650547023270954102
1650547023739718494
1650547024208519723
1650547024677207362
1650547025145956337
1650547025614753798
1650547026083489765
1650547026552213281
1650547027021009406
1650547027489710964
1650547027958490298
1650547028427257693
1650547028895969348
1650547029364739210
1650547029833483385
1650547030302228677
1650547030770955818
1650547031239712168
1650547031708472178
1650547032177222511
1650547032645962189
1650547033114815816
1650547033583472366
1650547034052223330
1650547034520969930
1650547034989713900
1650547035458478175
1650547035927229328
1650547036395952787
1650547036864727619
1650547037333513962
1650547037802210663
1650547038270952929
1650547038739700807
1650547039208468976
1650547039677201884
1650547040145963585
1650547040614736021
1650547041083446718
1650547041552212368
1650547042020947594
1650547042489710475
1650547042958482929
1650547043427214953
1650547043895968952
1650547044364716503
1650547044833466806
1650547045302217940
1650547045770956879
1650547046239711484
1650547046708497741
1650547047177209948
1650547047645946340
1650547048114734089
1650547048583464984
1650547049052206926
1650547049520974230
1650547049989724423
1650547050458473686
1650547050927249121
1650547051395973296
1650547051864784786
1650547052333475374
1650547052802222421
1650547053270946639
1650547053739762553
1650547054208463331
1650547054677229096
1650547055145964429
1650547055614760450
1650547056083598614
1650547056552225821
1650547057020953342
1650547057489746502
1650547057958499108
1650547058427289787
1650547058895966112
1650547059364751068
1650547059833455664
1650547060302223599
1650547060770969020
1650547061239741341
1650547061708465680
1650547062177221147
1650547062646062677
1650547063114765586
1650547063583468685
1650547064052223587
1650547064520976897
1650547064989726836
1650547065458475037
1650547065927218892
1650547066395965771
1650547066864804389
1650547067333450635
1650547067802225389
1650547068270966458
1650547068739716256
1650547069208475297
1650547069677228247
1650547070146068536
1650547070614731067
1650547071083927614
1650547071552211732
1650547072020964505
1650547072489717963
1650547072958465792
1650547073427218944
1650547073895966164
1650547074364729193
1650547074833486634
1650547075302237855
1650547075770962594
1650547076239721228
1650547076708484094
1650547077177249696
1650547077645968062
1650547078114728131
1650547078583468532
1650547079052216087
1650547079520963836
1650547079989731455
1650547080458477288
1650547080927218459
1650547081395984386
1650547081864716553
1650547082333448669
1650547082802242644
1650547083270977113
1650547083740208219
1650547084208458294
1650547084677216369
1650547085145961042
1650547085614714647
1650547086083556503
1650547086552199511
1650547087020977572
1650547087489718605
1650547087958465879
1650547088427213690
1650547088895972140
1650547089364739874
1650547089833474259
1650547090302226824
1650547090770971235
1650547091239736278
1650547091708480438
1650547092177223811
1650547092645965181
1650547093114745105
1650547093583461742
1650547094052220958
1650547094520973728
1650547094989715962
1650547095458483696
1650547095927231195
1650547096395964127
1650547096864752129
1650547097333473722
1650547097802230024
1650547098270973220
1650547098739734544
1650547099208467807
1650547099677275781
1650547100145961815
1650547100614714514
1650547101083468150
1650547101552289589
1650547102020963273
1650547102489724937
1650547102958517340
1650547103427220200
1650547103895972216
1650547104364749397
1650547104833478487
1650547105302220714
1650547105770961951
1650547106239714888
1650547106708544140
1650547107177213791
1650547107645973116
1650547108114721808
1650547108583479705
1650547109052216108
1650547109522562467
1650547109989721154
1650547110458470243
1650547110927219781
1650547111395964228
1650547111864736835
1650547112333466675
1650547112802211833
1650547113270966418
1650547113739738792
1650547114208467955
1650547114677220731
1650547115145965360
1650547115614729092
1650547116083462668
1650547116552215709
1650547117020973213
1650547117489733894
1650547117958512315
1650547118427232684
1650547118895965636
1650547119364769393
1650547119833493706
1650547120302222800
1650547120770968363
1650547121239739030
1650547121708471046
1650547122177227751
1650547122645965868
1650547123114795553
1650547123583484697
1650547124052225087
1650547124520960626
1650547124989732629
1650547125458484820
1650547125927213682
1650547126395963890
1650547126864740683
1650547127333467630
1650547127802217263
1650547128270962170
1650547128739742419
1650547129208468972
1650547129677214856
1650547130145970775
1650547130614702516
1650547131083467894
1650547131552214121
1650547132020962551
1650547132489714910
1650547132958480880
1650547133427210236
1650547133895968672
1650547134364743651
1650547134833497146
1650547135302205250
1650547135770979617
1650547136239786622
1650547136708472547
1650547137177201806
1650547137645967380
1650547138114754502
1650547138583456985
1650547139052260433
1650547139520971657
1650547139989717584
1650547140458460693
1650547140927202602
1650547141395968740
1650547141864754666
1650547142333479648
1650547142802215537
1650547143270961307
1650547143739735564
1650547144208452900
1650547144677214081
1650547145145963537
1650547145614738475
1650547146083482200
1650547146552222210
1650547147020962666
1650547147489765542
1650547147958462310
1650547148427228233
1650547148895965978
1650547149364749038
1650547149833467187
1650547150302216218
1650547150770971584
1650547151239724605
1650547151708467225
1650547152177214308
1650547152645980720
1650547153114842604
1650547153583470438
1650547154052225127
1650547154520991138
1650547154989733447
1650547155458459061
1650547155927245678
1650547156395965668
1650547156864779407
1650547157333476922
1650547157802224858
1650547158270964155
1650547158739722806
1650547159208464755
1650547159677252936
1650547160145962630
1650547160614808839
1650547161083464186
1650547161552225369
1650547162020951182
1650547162489755670
1650547162958468641
1650547163427223837
1650547163895956113
1650547164364745423
1650547164833467949
1650547165302218280
1650547165770969240
1650547166239725407
1650547166708467635
1650547167177232674
1650547167645967391
1650547168114723636
1650547168583496786
1650547169052221348
1650547169520951432
1650547169989744366
1650547170458474807
1650547170927231601
1650547171395954764
1650547171864745175
1650547172333458172
1650547172802263033
1650547173270963457
1650547173739721603
1650547174208461174
1650547174677247584
1650547175145994358
1650547175614727682
1650547176083470326
1650547176552195895
1650547177020956427
1650547177489712093
1650547177958448333
1650547178427198479
1650547178895963834
1650547179364721165
1650547179833474783
1650547180302196630
1650547180770970937
1650547181239737393
1650547181708632812
1650547182177251656
1650547182645973914
1650547183114764550
1650547183583483626
1650547184052199130
1650547184520967837
1650547184989715284
1650547185458465380
1650547185927210330
1650547186395946644
1650547186864769484
1650547187333463536
1650547187802209377
1650547188270972351
1650547188739760785
1650547189208467107
1650547189677207932
1650547190145962193
1650547190614703834
1650547191083455405
1650547191552216379
1650547192020958334
1650547192489740474
1650547192958449059
1650547193427227731
1650547193895961705
1650547194364734742
1650547194833462640
1650547195302215561
1650547195770948199
1650547196239716817
1650547196708467621
1650547197177214474
1650547197645946369
1650547198114714622
1650547198583473126
1650547199052217096
1650547199520974579
1650547199989723174
1650547200458471486
1650547200927215226
1650547201396006901
1650547201864798379
1650547202333485511
1650547202802209968
1650547203270965370
1650547203739734268
1650547204208465384
1650547204677216723
1650547205145960016
1650547205614749610
1650547206083467840
1650547206552227653
1650547207020977059
1650547207489719627
1650547207958551861
1650547208427232644
1650547208895951356
1650547209364766832
1650547209833485965
1650547210302208044
1650547210770976746
1650547211239719815
1650547211708475271
1650547212177222238
1650547212645961356
1650547213114833219
1650547213583464313
1650547214052212335
1650547214520962700
1650547214989733768
1650547215458477625
1650547215927211392
1650547216395966368
1650547216864761997
1650547217333471426
1650547217802232179
1650547218270965671
1650547218739734602
1650547219208470694
1650547219677217395
1650547220145961013
1650547220614751577
1650547221083460591
1650547221552212389
1650547222020949873
1650547222489717385
1650547222958464972
1650547223427203158
1650547223895975847
1650547224364787205
1650547224833476368
1650547225302230808
1650547225770969036
1650547226244770987
1650547226708469089
1650547227177217578
1650547227645964103
1650547228114757541
1650547228583470372
1650547229052223113
1650547229520983897
1650547229989756792
1650547230458477677
1650547230927200026
1650547231395964712
1650547231864726791
1650547232333474241
1650547232802225811
1650547233270963932
1650547233739709380
1650547234208615209
1650547234677213463
1650547235146002093
1650547235614804760
1650547236083474414
1650547236552224626
1650547237020977080
1650547237489725577
1650547237958479168
1650547238427210151
1650547238895979397
1650547239364728254
1650547239833477470
1650547240302227090
1650547240770977035
1650547241239725529
1650547241708463962
1650547242177229385
1650547242645966010
1650547243114725454
1650547243583466844
1650547244052225069
1650547244520974521
1650547244989725769
1650547245458507891
1650547245927225294
1650547246395977512
1650547246864728271
1650547247333474195
1650547247802228089
1650547248271006423
1650547248739696786
1650547249208444881
1650547249677224544
1650547250145979308
1650547250614761902
1650547251083473075
1650547251552226416
1650547252020980590
1650547252489723787
1650547252958476372
1650547253427230978
1650547253895966179
1650547254364724824
1650547254833476621
1650547255302224452
1650547255770946198
1650547256239696956
1650547256708464076
1650547257177224983
1650547257645963940
1650547258114728940
1650547258584854056
1650547259052208864
1650547259520970088
1650547259989730774
1650547260458501722
1650547260927223597
1650547261395977823
1650547261864727071
1650547262333471352
1650547262802230455
1650547263271033922
1650547263739711139
1650547264208460012
1650547264677224120
1650547265145973716
1650547265614803437
1650547266083473310
1650547266552226886
1650547267020973443
1650547267489724557
1650547267958489042
1650547268427232675
1650547268895978680
1650547269364711811
1650547269833474225
1650547270302225375
1650547270771018975
1650547271239728068
1650547271708459448
1650547272177229427
1650547272645968901
1650547273114744935
1650547273584868326
1650547274052224257
1650547274520964900
1650547274989721265
1650547275458475462
1650547275927229161
1650547276395975616
1650547276864727797
1650547277333471509
1650547277802226413
1650547278270971549
1650547278739713860
1650547279208499476
1650547279677214287
1650547280146005455
1650547280614745952
1650547281083507340
1650547281552222467
1650547282020973445
1650547282489722997
1650547282958477937
1650547283427222357
1650547283895978278
1650547284364736158
1650547284833464820
1650547285302221993
1650547285770971635
1650547286239724175
1650547286708487372
1650547287177228520
1650547287645973235
1650547288114726694
1650547288583473556
1650547289052229827
1650547289520971132
1650547289989709659
1650547290458475647
1650547290927225247
1650547291395978805
1650547291864725848
1650547292333475310
1650547292802225665
1650547293270978605
1650547293739711496
1650547294208457968
1650547294677215079
1650547295146039973
1650547295614750119
1650547296083509398
1650547296552225042
1650547297020977594
1650547297489724384
1650547297958472415
1650547298427229127
1650547298895976822
1650547299364726455
1650547299833472722
1650547300302211461
1650547300770957392
1650547301239725052
1650547301708463758
1650547302177223135
1650547302645978190
1650547303114726914
1650547303583481503
1650547304052226370
1650547304520976400
1650547304989751578
1650547305458461455
1650547305927226074
1650547306395973094
1650547306864726191
1650547307333473058
1650547307802228207
1650547308270977031
1650547308739715491
1650547309208477921
1650547309677225007
1650547310145980301
1650547310614747735
1650547311083474708
1650547311552230749
1650547312020976643
1650547312489754679
1650547312958480883
1650547313427259785
1650547313895980373
1650547314364755843
1650547314833446390
1650547315302194094
1650547315770965414
1650547316239725001
1650547316708462983
1650547317177229118
1650547317645975818
1650547318114732596
1650547318583476754
1650547319052224932
1650547319520976381
1650547319989727868
1650547320458473701
1650547320927212609
1650547321395980027
1650547321864700023
1650547322333445342
1650547322802225979
1650547323270978810
1650547323739719258
1650547324208472803
1650547324677200801
1650547325145946154
1650547325614777183
1650547326083457493
1650547326552222090
1650547327020978077
1650547327489755280
1650547327958479835
1650547328427223494
1650547328895979451
1650547329364728139
1650547329833504793
1650547330302221733
1650547330770962474
1650547331239717943
1650547331708460326
1650547332177360213
1650547332645983794
1650547333114729803
1650547333583485173
1650547334052239008
1650547334520975039
1650547334989724940
1650547335458480519
1650547335927230284
1650547336395959078
1650547336864729317
1650547337333477047
1650547337802231225
1650547338270974075
1650547338739724357
1650547339208478422
1650547339677218771
1650547340145977605
1650547340614738855
1650547341083474069
1650547341552208831
1650547342020980888
1650547342489801753
1650547342958476229
1650547343427236697
1650547343895979796
1650547344364727662
1650547344833475975
1650547345302250036
1650547345770973028
1650547346239723821
1650547346708460749
1650547347177226663
1650547347645970676
1650547348114729914
1650547348583528105
1650547349052231816
1650547349520976999
1650547349989726385
1650547350458506782
1650547350927229309
1650547351395986734
1650547351864715457
1650547352333480150
1650547352802220161
1650547353270975456
1650547353739713997
1650547354208509615
1650547354677221166
1650547355146011201
1650547355614810798
1650547356083467472
1650547356552225265
1650547357020968077
1650547357489725029
1650547357958463462
1650547358427226811
1650547358895976236
1650547359364749445
1650547359833474695
1650547360302227876
1650547360770961543
1650547361239725622
1650547361708466594
1650547362177217533
1650547362645983553
1650547363114716278
1650547363583483826
1650547364052227930
1650547364520980691
1650547364989729118
1650547365458476351
1650547365927230251
1650547366395981437
1650547366864732458
1650547367333460318
1650547367802227515
1650547368270978791
1650547368739727330
1650547369208479558
1650547369677364161
1650547370145980250
1650547370614745715
1650547371083477367
1650547371552226304
1650547372020979556
1650547372489711150
1650547372958475152
1650547373427224791
1650547373895979875
1650547374364826003
1650547374833481523
1650547375302225604
1650547375770970576
1650547376239724849
1650547376708467275
1650547377177225815
1650547377645962046
1650547378114733167
1650547378583481777
1650547379052226851
1650547379520975191
1650547379989728735
1650547380458482991
1650547380927232581
1650547381395980844
1650547381864733405
1650547382333478527
1650547382802218893
1650547383270976504
1650547383739721785
1650547384208480921
1650547384677219729
1650547385145976410
1650547385614749615
1650547386083475988
1650547386552225275
1650547387020980544
1650547387489758339
1650547387958477079
1650547388427232288
1650547388896015628
1650547389364741307
1650547389833477304
1650547390302250601
1650547390770966846
1650547391239727131
1650547391708464310
1650547392177229694
1650547392645979288
1650547393114726235
1650547393584772108
1650547394052236993
1650547394520983528
1650547394989725062
1650547395458475475
1650547395927229461
1650547396395979380
1650547396864730800
1650547397333476113
1650547397802226615
1650547398270960509
1650547398739731388
1650547399208481474
1650547399677218824
1650547400145982156
1650547400614763142
1650547401083475426
1650547401552225419
1650547402020975654
1650547402489719636
1650547402958483321
1650547403427213402
1650547403896003872
1650547404364726534
1650547404833473437
1650547405302235086
1650547405770948885
1650547406239729058
1650547406708468327
1650547407177229765
1650547407645968912
1650547408114731115
1650547408583466213
1650547409052226440
1650547409520976471
1650547409989725705
1650547410458501204
1650547410927229963
1650547411395978117
1650547411864731549
1650547412333474079
1650547412802227110
1650547413270979664
1650547413739715202
1650547414208476058
1650547414677214362
1650547415145981464
1650547415614760440
1650547416083478141
1650547416552225161
1650547417020975885
1650547417489752375
1650547417958476809
1650547418427229249
1650547418895966263
1650547419364729282
1650547419833480803
1650547420302237309
1650547420770963391
1650547421239720643
1650547421708462769
1650547422177220619
1650547422645979713
1650547423114729235
1650547423583482169
1650547424052210289
1650547424520975044
1650547424989724409
1650547425458473337
1650547425927226875
1650547426395973789
1650547426864730944
1650547427333476307
1650547427802229339
1650547428270962892
1650547428739729041
1650547429208464470
1650547429677212198
1650547430145975076
1650547430614750199
1650547431083474194
1650547431552229248
1650547432020981896
1650547432489727548
1650547432958476812
1650547433427229526
1650547433895979203
1650547434364712458
1650547434833477937
1650547435302222067
1650547435770968607
1650547436239724909
1650547436708465028
1650547437177256131
1650547437645982570
1650547438114725641
1650547438583464289
1650547439052236457
1650547439520976018
1650547439989723839
1650547440458474090
1650547440927227064
1650547441395977450
1650547441864727188
1650547442333470042
1650547442802224174
1650547443270973014
1650547443739718614
1650547444208472458
1650547444677207527
1650547445145976486
1650547445614761930
1650547446083477671
1650547446552250491
1650547447020974515
1650547447489724821
1650547447958482645
1650547448427227086
1650547448895962378
1650547449364737693
1650547449833470898
1650547450302256494
1650547450770971260
1650547451239728879
1650547451708465039
1650547452177229477
1650547452645981030
1650547453114732973
1650547453584784785
1650547454052268199
1650547454520972373
1650547454989712102
1650547455458472779
1650547455927228457
1650547456395976584
1650547456864732822
1650547457333476452
1650547457802229603
1650547458270978089
1650547458739731262
1650547459208459141
1650547459677213967
1650547460145975813
1650547460614769070
1650547461083473512
1650547461552288180
1650547462020977997
1650547462489726003
1650547462958473899
1650547463427226668
1650547463895978864
1650547464364811025
1650547464833474911
1650547465302347966
1650547465770964522
1650547466239726784
1650547466708465456
1650547467177222463
1650547467645982157
1650547468114729168
1650547468583486441
1650547469052257140
1650547469520962287
1650547469989728583
1650547470458485753
1650547470927229701
1650547471395979133
1650547471864733678
1650547472333476077
1650547472802232608
1650547473270976177
1650547473739697804
1650547474208445377
1650547474677217952
1650547475145994362
1650547475614744349
1650547476083477892
1650547476552241475
1650547477020979448
1650547477489754739
1650547477958448641
1650547478427230695
1650547478895979268
1650547479364731288
1650547479833468531
1650547480302228462
1650547480770973135
1650547481239725643
1650547481708464876
1650547482177258109
1650547482645985438
1650547483114730305
1650547483583489841
1650547484052269304
1650547484520977140
1650547484989711995
1650547485458472835
1650547485927218916
1650547486395977333
1650547486864724010
1650547487333473912
1650547487802225259
1650547488270973442
1650547488739715163
1650547489208475479
1650547489677380240
1650547490145948282
1650547490614775658
1650547491083482850
1650547491552224953
1650547492020975481
1650547492489725069
1650547492958475378
1650547493427225043
1650547493895979226
1650547494364731505
1650547494833476599
1650547495302218344
1650547495770963108
1650547496239721171
1650547496708465920
1650547497177230763
1650547497645981627
1650547498114730973
1650547498583487211
1650547499052234541
1650547499520978653
1650547499989728097
1650547500458463267
1650547500927230808
1650547501395978851
1650547501864734117
1650547502333478145
1650547502802228747
1650547503270979425
1650547503739731087
1650547504208476231
1650547504677258210
1650547505145981209
1650547505614730229
1650547506083474452
1650547506554790375
1650547507020978961
1650547507489723931
1650547507958478920
1650547508427227226
1650547508895945811
1650547509364696398
1650547509833472189
1650547510302220741
1650547510770962832
1650547511239721035
1650547511708461295
1650547512177232853
1650547512645963209
1650547513114731843
1650547513583491868
1650547514052228931
1650547514520976645
1650547514989725192
1650547515458474668
1650547515927211107
1650547516395979214
1650547516864728804
1650547517333467507
1650547517802224452
1650547518270988491
1650547518739723049
1650547519208474424
1650547519677213096
1650547520145975955
1650547520614785037
1650547521083469806
1650547521552229910
1650547522020976403
1650547522489726417
1650547522958477154
1650547523427231059
1650547523895975706
1650547524364731336
1650547524833482337
1650547525302266248
1650547525770966048
1650547526239715553
1650547526708461560
1650547527177256030
1650547527645975817
1650547528114729661
1650547528583482858
1650547529052225944
1650547529520976533
1650547529989724862
1650547530458460935
1650547530927229619
1650547531395979416
1650547531864727472
1650547532333475235
1650547532802225942
1650547533270979559
1650547533739727176
1650547534208474109
1650547534677226489
1650547535145980165
1650547535614751621
1650547536083473225
1650547536552362794
1650547537020975901
1650547537489724713
1650547537958475563
1650547538427223540
1650547538895979504
1650547539364792599
1650547539833448489
1650547540302194960
1650547540770956990
1650547541239724675
1650547541708464440
1650547542177250783
1650547542645977838
1650547543114739580
1650547543584763061
1650547544052253196
1650547544520972294
1650547544989723669
1650547545458473018
1650547545927223424
1650547546395977098
1650547546864715978
1650547547333473145
1650547547802238425
1650547548270978343
1650547548739721987
1650547549208475100
1650547549677363792
1650547550145974619
1650547550614759676
1650547551083458643
1650547551552222952
1650547552020980502
1650547552489722249
1650547552958476903
1650547553427229956
1650547553895977973
1650547554364759296
1650547554833478381
1650547555302271176
1650547555770969328
1650547556239713281
1650547556708460222
1650547557177211963
1650547557645967082
1650547558114725018
1650547558583472889
1650547559052221353
1650547559520971124
1650547559989721080
1650547560458472936
1650547560927224959
1650547561395958029
1650547561864724155
1650547562333474882
1650547562802220983
1650547563270971868
1650547563739728665
1650547564208471319
1650547564677206979
1650547565145973809
1650547565614710813
1650547566083472338
1650547566552207724
1650547567020972776
1650547567489721191
1650547567958471958
1650547568427225013
1650547568895978031
1650547569364751669
1650547569833473458
1650547570302250179
1650547570770964405
1650547571239724747
1650547571708463557
1650547572177228815
1650547572645981988
1650547573114730219
1650547573583480106
1650547574052226550
1650547574520980059
1650547574989722197
1650547575458475902
1650547575927228255
1650547576395975820
1650547576864713146
1650547577333472832
1650547577802283316
1650547578270977696
1650547578739719451
1650547579208473710
1650547579677259086
1650547580145979373
1650547580614748538
1650547581083474389
1650547581552249527
1650547582020961998
1650547582489749553
1650547582958480257
1650547583427230822
1650547583895978721
1650547584364728628
1650547584833476833
1650547585302221638
1650547585770968187
1650547586239727556
1650547586708465226
1650547587177232992
1650547587645983136
1650547588114728559
1650547588583516824
1650547589052231126
1650547589520975290
1650547589989751712
1650547590458476423
1650547590927226170
1650547591395966630
1650547591864729868
1650547592333471540
1650547592802227900
1650547593270974395
1650547593739719673
1650547594208475121
1650547594677221204
1650547595145975142
1650547595614803549
1650547596083474682
1650547596552210544
1650547597020975703
1650547597489715630
1650547597958476965
1650547598427229216
1650547598895981005
1650547599364730430
1650547599833476414
1650547600302224145
1650547600770963934
1650547601239749914
1650547601708461102
1650547602177260164
1650547602645972325
1650547603114723172
1650547603583481083
1650547604052224125
1650547604520976878
1650547604989723687
1650547605458472969
1650547605927229454
1650547606395975928
1650547606864748108
1650547607333474646
1650547607802217224
1650547608270974493
1650547608739719913
1650547609208474431
1650547609677228286
1650547610145979423
1650547610614751640
1650547611083478506
1650547611552275436
1650547612020962033
1650547612489753916
1650547612958472337
1650547613427224136
1650547613895978917
1650547614364728113
1650547614833480681
1650547615302229793
1650547615770967444
1650547616239730211
1650547616708461872
1650547617177304035
1650547617645987242
1650547618114709358
1650547618583476388
1650547619052227160
1650547619520971902
1650547619989723053
1650547620458473841
1650547620927228537
1650547621395978482
1650547621864729168
1650547622333458583
1650547622802212760
1650547623270974460
1650547623739719127
1650547624208472613
1650547624677369806
1650547625145977856
1650547625614771966
1650547626083483097
1650547626552226512
1650547627020979835
1650547627489709278
1650547627958478405
1650547628427231337
1650547628895980862
1650547629364728968
1650547629833477983
1650547630302223485
1650547630770967435
1650547631239726315
1650547631708467829
1650547632177225364
1650547632645961090
1650547633114731262
1650547633583483182
1650547634052230547
1650547634520978808
1650547634989730625
1650547635458476505
1650547635927196108
1650547636395977496
1650547636864722404
1650547637333475595
1650547637802214770
1650547638270999783
1650547638739717078
1650547639208474376
1650547639677221735
1650547640145964744
1650547640614819554
1650547641083476441
1650547641552229853
1650547642020978043
1650547642489725259
1650547642958466197
1650547643427230032
1650547643895973942
1650547644364728839
1650547644833475349
1650547645302223846
1650547645771056900
1650547646239724368
1650547646708468838
1650547647177232830
1650547647645968717
1650547648114744660
1650547648583482536
1650547649052232690
1650547649520976795
1650547649989728475
1650547650458478737
1650547650927234183
1650547651395979507
1650547651864732555
1650547652333475978
1650547652802228533
1650547653270979500
1650547653739717322
1650547654208503500
1650547654677223071
1650547655146008588
1650547655614835481
1650547656083506635
1650547656552226759
1650547657020985901
1650547657489716680
1650547657958447404
1650547658427227541
1650547658895980735
1650547659364782065
1650547659833476915
1650547660302222751
1650547660770964164
1650547661239725118
1650547661708463835
1650547662177227795
1650547662645966446
1650547663114726950
1650547663583469978
1650547664052258933
1650547664520973117
1650547664989725097
1650547665458474362
1650547665927237461
1650547666395971214
1650547666864728690
1650547667333474709
1650547667802194582
1650547668270943626
1650547668739714487
1650547669208471333
1650547669677215184
1650547670145980518
1650547670614751116
1650547671083476438
1650547671552248340
1650547672020980094
1650547672489748615
1650547672958500728
1650547673427256236
1650547673895963801
1650547674364726315
1650547674833482628
1650547675302223464
1650547675770977691
1650547676239725607
1650547676708463730
1650547677177224226
1650547677645968004
1650547678114717266
1650547678584441841
1650547679052210115
1650547679520974908
1650547679989728922
1650547680458475870
1650547680927225077
1650547681396005882
1650547681864731392
1650547682333475593
1650547682802195517
1650547683270946242
1650547683739710415
1650547684208462164
1650547684677219639
1650547685145981469
1650547685614830376
1650547686083500860
1650547686552229276
1650547687020974080
1650547687489726076
1650547687958474516
1650547688427232796
1650547688895973225
1650547689364713178
1650547689833474706
1650547690304789536
1650547690771070902
1650547691239722663
1650547691708462279
1650547692177226119
1650547692645961409
1650547693114726162
1650547693583468143
1650547694052223476
1650547694520960983
1650547694989722989
1650547695458471686
1650547695927227847
1650547696396003828
1650547696864730773
1650547697333471612
1650547697802217823
1650547698270972371
1650547698739714922
1650547699208499624
1650547699677221070
1650547700146007018
1650547700614777156
1650547701083478759
1650547701552222607
1650547702020972826
1650547702489724458
1650547702958474072
1650547703427222599
1650547703895978367
1650547704364727437
1650547704833459008
1650547705302221991
1650547705770975901
1650547706239723630
1650547706708474251
1650547707177227652
1650547707645965520
1650547708114729686
1650547708583487856
1650547709052223120
1650547709520972185
1650547709989712047
1650547710458498786
1650547710927229432
1650547711395972009
1650547711864728587
1650547712333473040
1650547712802227365
1650547713270975693
1650547713739714895
1650547714208472099
1650547714677217214
1650547715146108497
1650547715614780156
1650547716083473315
1650547716552223850
1650547717020977922
1650547717489723963
1650547717958476300
1650547718427225865
1650547718895976560
1650547719364712685
1650547719833478331
1650547720302230462
1650547720770949576
1650547721239695583
1650547721708447759
1650547722177196104
1650547722645986470
1650547723114727598
1650547723583476619
1650547724052226215
1650547724520968020
1650547724989730955
1650547725458462599
1650547725927228928
1650547726395977984
1650547726864730986
1650547727333466492
1650547727802225537
1650547728270972474
1650547728739713450
1650547729208473151
1650547729677216856
1650547730145978784
1650547730614717605
1650547731083445243
1650547731552226644
1650547732020948527
1650547732489723007
1650547732958474970
1650547733427225530
1650547733895975350
1650547734364757989
1650547734833465333
1650547735302254792
1650547735770969346
1650547736239750698
1650547736708461869
1650547737177229726
1650547737645982810
1650547738114727135
1650547738583481391
1650547739052228813
1650547739520979426
1650547739989696206
1650547740458475473
1650547740927211647
1650547741395981011
1650547741864782486
1650547742333476040
1650547742802224652
1650547743270979932
1650547743739719382
1650547744208473594
1650547744677364604
1650547745145978654
1650547745614775708
1650547746083458799
1650547746552249450
1650547747020977084
1650547747489723481
1650547747958494897
1650547748427225503
1650547748895978443
1650547749364728998
1650547749833481296
1650547750302223485
1650547750770965788
1650547751239710963
1650547751708457919
1650547752177251136
1650547752645979968
1650547753114731671
1650547753583480175
1650547754052228179
1650547754520977391
1650547754989724400
1650547755458464488
1650547755927228410
1650547756395971669
1650547756864728133
1650547757333473933
1650547757802226347
1650547758270975541
1650547758739719848
1650547759208473195
1650547759677218508
1650547760145975822
1650547760614744750
1650547761083473847
1650547761552225707
1650547762020979548
1650547762489748209
1650547762958477463
1650547763427230074
1650547763895978592
1650547764364723188
1650547764833476878
1650547765302251830
1650547765770968451
1650547766239724722
1650547766708467089
1650547767177226569
1650547767645968403
1650547768114732350
1650547768583480486
1650547769052232011
1650547769520977189
1650547769989725922
1650547770458476216
1650547770927214528
1650547771395986622
1650547771864758069
1650547772333477575
1650547772802218323
1650547773270972000
1650547773739713827
1650547774208471712
1650547774677216655
1650547775145978303
1650547775614828325
1650547776083478015
1650547776552228949
1650547777020964568
1650547777489727063
1650547777958478076
1650547778427230075
1650547778895981130
1650547779364730225
1650547779833478748
1650547780302229903
1650547780770977486
1650547781239709386
1650547781708461974
1650547782177229360
1650547782645963804
1650547783114729805
1650547783583521957
1650547784052228962
1650547784520978730
1650547784989728740
1650547785458479642
1650547785927230804
1650547786395972544
1650547786864730414
1650547787333468954
1650547787802226329
1650547788271004225
1650547788739714920
1650547789208474819
1650547789677221444
1650547790145979700
1650547790614773255
1650547791083472219
1650547791552209279
1650547792020977172
1650547792489718959
1650547792958476838
1650547793427229591
1650547793895981938
1650547794364758788
1650547794833476213
1650547795302248901
1650547795770962182
1650547796239723337
1650547796708446308
1650547797177194447
1650547797645989386
1650547798114732899
1650547798583488231
1650547799052227323
1650547799520976233
1650547799989723810
1650547800458476225
1650547800927225251
1650547801395980114
1650547801864699366
1650547802333446048
1650547802802217971
1650547803270973434
1650547803739721584
1650547804208474069
1650547804677247742
1650547805145974435
1650547805614759371
1650547806083475253
1650547806552218842
1650547807020969357
1650547807489721969
1650547807958478414
1650547808427229344
1650547808895979719
1650547809364728727
1650547809833475421
1650547810302223748
1650547810770966576
1650547811239726610
1650547811708461220
1650547812177230702
1650547812645976779
1650547813114748857
1650547813583483420
1650547814052225002
1650547814521015680
1650547814989748895
1650547815458474022
1650547815927229649
1650547816395978742
1650547816864758132
1650547817333459543
1650547817802225789
1650547818270979075
1650547818739715881
1650547819208473910
1650547819677232961
1650547820145978975
1650547820614803622
1650547821083465863
1650547821552224051
1650547822020945684
1650547822489707765
1650547822958446013
1650547823427223357
1650547823895978461
1650547824364723160
1650547824833475490
1650547825302227489
1650547825770979193
1650547826239724437
1650547826708464830
1650547827177223910
1650547827645975845
1650547828114728891
1650547828584559527
1650547829052228916
1650547829520975284
1650547829989724393
1650547830458499580
1650547830927229767
1650547831396004827
1650547831864733481
1650547832333476063
1650547832802213166
1650547833271010306
1650547833739718005
1650547834208472279
1650547834677216426
1650547835146010833
1650547835614770539
1650547836083474598
1650547836552233808
1650547837020982037
1650547837489723769
1650547837958462761
1650547838427231496
1650547838895982214
1650547839364727490
1650547839833475896
1650547840302224639
1650547840770968049
1650547841239726257
1650547841708461857
1650547842177230531
1650547842645983634
1650547843114725812
1650547843583481826
1650547844052222803
1650547844520973191
1650547844989725913
1650547845458476027
1650547845927227566
1650547846395979257
1650547846864762171
1650547847333481032
1650547847802232468
1650547848270961796
1650547848739717143
1650547849208478991
1650547849677349212
1650547850145980064
1650547850614749215
1650547851083476959
1650547851552258446
1650547852020976323
1650547852489709426
1650547852958477713
1650547853427211300
1650547853895976924
1650547854364730940
1650547854833477031
1650547855302256402
1650547855770967311
1650547856239725981
1650547856708463172
1650547857177225216
1650547857646264020
1650547858114732290
1650547858583469487
1650547859052228852
1650547859520980386
1650547859989724791
1650547860458475607
1650547860927232515
1650547861395979019
1650547861864729171
1650547862333472863
1650547862802227019
1650547863270979251
1650547863739714465
1650547864208474497
1650547864677212770
1650547865145980656
1650547865614784563
1650547866083476545
1650547866552223640
1650547867020979032
1650547867489723205
1650547867958477989
1650547868427226868
1650547868895966582
1650547869364730353
1650547869833470829
1650547870302223603
1650547870770966675
1650547871239727082
1650547871708462972
1650547872177225548
1650547872645982516
1650547873114730539
1650547873583488380
1650547874052213499
1650547874520974455
1650547874989730169
1650547875458476184
1650547875927228161
1650547876396035585
1650547876864731677
1650547877333476252
1650547877802226088
1650547878270975351
1650547878739720449
1650547879208460289
1650547879677216631
1650547880145983456
1650547880614804171
1650547881083475906
1650547881552227328
1650547882021018973
1650547882489733436
1650547882958475917
1650547883427229920
1650547883895979608
1650547884364866575
1650547884833446453
1650547885302200109
1650547885770967044
1650547886239726110
1650547886708462382
1650547887177229895
1650547887645981725
1650547888114729538
1650547888583481353
1650547889052226372
1650547889520959912
1650547889989727878
1650547890458477069
1650547890927285927
1650547891395978455
1650547891864769445
1650547892333478476
1650547892802226469
1650547893270975502
1650547893739719943
1650547894208475534
1650547894677215553
1650547895145979757
1650547895614801241
1650547896083474504
1650547896552224788
1650547897020977831
1650547897489725174
1650547897958476275
1650547898427225898
1650547898896062558
1650547899364727461
1650547899833467032
1650547900302229475
1650547900770970030
1650547901239723901
1650547901708460348
1650547902177229851
1650547902645962264
1650547903114728177
1650547903583477482
1650547904052224805
1650547904520978075
1650547904989710513
1650547905458499767
1650547905927232892
1650547906395976835
1650547906864731296
1650547907333473482
1650547907802227539
1650547908270978190
1650547908739718287
1650547909208474070
1650547909677224595
1650547910146027566
1650547910614765965
1650547911083490086
1650547911552223673
1650547912020973927
1650547912489726313
1650547912958478773
1650547913427230865
1650547913896009013
1650547914364729886
1650547914833474314
1650547915302211171
1650547915770976658
1650547916239727961
1650547916708474506
1650547917177223219
1650547917645974841
1650547918114729297
1650547918583477126
1650547919052224955
1650547919520975472
1650547919989725414
1650547920458461026
1650547920927225508
1650547921396854026
1650547921864732052
1650547922333477909
1650547922802229767
1650547923270974386
1650547923739714229
1650547924208474665
1650547924677217713
1650547925145995355
1650547925614775203
1650547926083476125
1650547926552225402
1650547927020948752
1650547927489722753
1650547927958475255
1650547928427225221
1650547928895980429
1650547929364756379
1650547929833465756
1650547930302251542
1650547930770968866
1650547931239722802
1650547931708465184
1650547932177231919
1650547932645978600
1650547933114733152
1650547933583482169
1650547934052229242
1650547934520979447
1650547934989726911
1650547935458476303
1650547935927215177
1650547936395978702
1650547936864777485
1650547937333475716
1650547937802230521
1650547938270975717
1650547938739719969
1650547939208475666
1650547939677229180
1650547940145976361
1650547940614742433
1650547941083458136
1650547941552247099
1650547942020977062
1650547942489751843
1650547942958475624
1650547943427224018
1650547943895973690
1650547944364727161
1650547944833474261
1650547945302302678
1650547945770962337
1650547946239708497
1650547946708462954
1650547947177251134
1650547947645973502
1650547948114727481
1650547948583477684
1650547949052224424
1650547949520973444
1650547949989723502
1650547950458466580
1650547950927226825
1650547951395961776
1650547951864730116
1650547952333473439
1650547952802226670
1650547953271004662
1650547953739709192
1650547954208471316
1650547954677245200
1650547955146002992
1650547955614740564
1650547956083473322
1650547956552226451
1650547957020978359
1650547957489722788
1650547957958475623
1650547958427231554
1650547958895979355
1650547959364727788
1650547959833475962
1650547960302222971
1650547960770976258
1650547961239725972
1650547961708468151
1650547962177228256
1650547962645965993
1650547963114729267
1650547963583478135
1650547964052196597
1650547964520973282
1650547964989724875
1650547965458474804
1650547965927211214
1650547966395975644
1650547966864717668
1650547967333472193
1650547967802226182
1650547968270973561
1650547968739711329
1650547969208473451
1650547969677219296
1650547970145977975
1650547970614839655
1650547971083512077
1650547971552228224
1650547972020961166
1650547972489722629
1650547972958474740
1650547973427229409
1650547973895974337
1650547974364729193
1650547974833477049
1650547975302224555
1650547975770975821
1650547976239709754
1650547976708464560
1650547977177226477
1650547977646105580
1650547978114727870
1650547978584764655
1650547979052224452
1650547979520982856
1650547979989725205
1650547980458477223
1650547980927231833
1650547981395980111
1650547981864731279
1650547982333461782
1650547982802218286
1650547983271009642
1650547983739706629
1650547984208480821
1650547984677213754
1650547985145981522
1650547985614729365
1650547986083473357
1650547986552228498
1650547987020974825
1650547987489713672
1650547987958477446
1650547988427225406
1650547988895979718
1650547989364739699
1650547989833480458
1650547990302226163
1650547990770964368
1650547991239722519
1650547991708464468
1650547992177234935
1650547992645979460
1650547993114730855
1650547993583478900
1650547994052227168
1650547994520975381
1650547994989725428
1650547995458474829
1650547995927227230
1650547996396023003
1650547996864730018
1650547997333474441
1650547997802216716
1650547998270975974
1650547998739718252
1650547999208474493
1650547999677365198
1650548000145979552
1650548000614751278
1650548001083477190
1650548001552228344
1650548002020964868
1650548002489752894
1650548002958470439
1650548003427228726
1650548003895979995
1650548004364755117
1650548004833477999
1650548005302225734
1650548005770968470
1650548006239729966
1650548006708464575
1650548007177231072
1650548007645982442
1650548008114715478
1650548008583478312
1650548009052255943
1650548009520979891
1650548009989727893
1650548010458475546
1650548010927229884
1650548011395978613
1650548011864730898
1650548012333459665
1650548012802227785
1650548013270980017
1650548013739720731
1650548014208475761
1650548014677227181
1650548015145978953
1650548015614738060
1650548016083474593
1650548016552224683
1650548017020975681
1650548017489713347
1650548017958475847
1650548018427217663
1650548018895980720
1650548019364754834
1650548019833478485
1650548020302228860
1650548020770969921
1650548021239723149
1650548021708466156
1650548022177227534
1650548022645961840
1650548023114729386
1650548023583483452
1650548024052286407
1650548024520974531
1650548024989726247
1650548025458476391
1650548025927228572
1650548026395978755
1650548026864730660
1650548027333474751
1650548027802214714
1650548028270979011
1650548028739719178
1650548029208474903
1650548029677216943
1650548030145981131
1650548030614747766
1650548031083483104
1650548031552223648
1650548032020989488
1650548032489751181
1650548032958460968
1650548033427229459
1650548033895979877
1650548034364728944
1650548034833475215
1650548035302240061
1650548035770967352
1650548036239727422
1650548036708465530
1650548037177225713
1650548037645984452
1650548038114722914
1650548038583482341
1650548039052223786
1650548039520974825
1650548039989751549
1650548040458476201
1650548040927227279
1650548041395981728
1650548041864754456
1650548042333475796
1650548042802227747
1650548043270959404
1650548043739726635
1650548044208480219
1650548044677220099
1650548045146012610
1650548045614751382
1650548046083476339
1650548046552255612
1650548047020979459
1650548047489754530
1650548047958476991
1650548048427209471
1650548048895975173
1650548049364726377
1650548049833477266
1650548050302221397
1650548050770969158
1650548051239734402
1650548051708464609
1650548052177222595
1650548052645980600
1650548053114729624
1650548053583472057
1650548054052227638
1650548054522103106
1650548054989726878
1650548055458475092
1650548055927255157
1650548056395979669
1650548056864739866
1650548057333477545
1650548057802231762
1650548058270980555
1650548058739718181
1650548059208478326
1650548059677216065
1650548060145980878
1650548060614744822
1650548061083478100
1650548061552254601
1650548062020979639
1650548062489736124
1650548062958480719
1650548063427225946
1650548063895965487
1650548064364760733
1650548064833483517
1650548065302233079
1650548065770964605
1650548066239767299
1650548066708463512
1650548067177239299
1650548067645984717
1650548068114730635
1650548068583491481
1650548069052211975
1650548069520976266
1650548069989726928
1650548070458477517
1650548070927228699
1650548071395974178
1650548071864733232
1650548072333477046
1650548072802226138
1650548073270974546
1650548073739717677
1650548074208457142
1650548074677214867
1650548075145978481
1650548075614757226
1650548076083474768
1650548076552253995
1650548077020979575
1650548077489722971
1650548077958477034
1650548078427228172
1650548078895979162
1650548079364725080
1650548079833479442
1650548080302250027
1650548080770963205
1650548081239725051
1650548081708465082
1650548082177256429
1650548082645983073
1650548083114730347
1650548083583468937
1650548084052225842
1650548084520964286
1650548084989725229
1650548085458474600
1650548085927229952
1650548086396016824
1650548086864729659
1650548087333477328
1650548087802228535
1650548088270976280
1650548088739721007
1650548089208473215
1650548089677230073
1650548090145979413
1650548090614746457
1650548091083474817
1650548091552255085
1650548092020976964
1650548092489722771
1650548092958474707
1650548093427224533
1650548093895969397
1650548094364726632
1650548094833464885
1650548095302255825
1650548095770973691
1650548096239725503
1650548096708465611
1650548097177227924
1650548097645981978
1650548098114731162
1650548098583476866
1650548099052231718
1650548099520978349
1650548099989873368
1650548100458476075
1650548100927229281
1650548101395979396
1650548101864777363
1650548102333476553
1650548102802225559
1650548103270979380
1650548103739721201
1650548104208463135
1650548104677220717
1650548105145961318
1650548105614747068
1650548106083475078
1650548106552227496
1650548107020975081
1650548107489725815
1650548107958476975
1650548108427226896
1650548108895979705
1650548109364730590
1650548109833480049
1650548110302366472
1650548110770965840
1650548111239725746
1650548111708467652
1650548112177225336
1650548112645981225
1650548113114729244
1650548113583479893
1650548114052226358
1650548114520957416
1650548114989727252
1650548115458472719
1650548115927230223
1650548116395979895
1650548116864731233
1650548117333475332
1650548117802228801
1650548118270979586
1650548118739731205
1650548119208475713
1650548119677223167
1650548120145978435
1650548120614732316
1650548121083471400
1650548121552225375
1650548122020983534
1650548122489755343
1650548122958481819
1650548123427230370
1650548123895983402
1650548124364755732
1650548124833450858
1650548125302195930
1650548125770967983
1650548126239726445
1650548126708464926
1650548127177230907
1650548127645983370
1650548128114733963
1650548128583486335
1650548129052228485
1650548129520993265
1650548129989726268
1650548130458475550
