1650548384032982120
1650548384501729410
1650548384970491367
1650548385439238361
1650548385908002837
1650548386376743665
1650548386845478031
1650548387314251100
1650548387782978373
1650548388251727146
1650548388720491586
1650548389189260638
1650548389658020875
1650548390126735297
1650548390595484683
1650548391064276494
1650548391532963528
1650548392001739933
1650548392470488634
1650548392939224261
1650548393408015814
1650548393876733313
1650548394345460403
1650548394814236772
1650548395282990900
1650548395751720733
1650548396220487639
1650548396689222249
1650548397158007878
1650548397626723656
1650548398095473267
1650548398564224211
1650548399032963933
1650548399501729341
1650548399970487916
1650548400439245343
1650548400907965603
1650548401376731215
1650548401845486439
1650548402314215533
1650548402782978775
1650548403251711259
1650548403720480057
1650548404189230023
1650548404658023155
1650548405126731120
1650548405595475753
1650548406064244330
1650548406532974982
1650548407001761615
1650548407470483952
1650548407939223956
1650548408408001460
1650548408876779501
1650548409345479209
1650548409814228492
1650548410282978885
1650548410751727094
1650548411220481988
1650548411689227438
1650548412158003166
1650548412626733746
1650548413095471233
1650548413564227073
1650548414032964727
1650548414501738789
1650548414970489796
1650548415439228080
1650548415907990347
1650548416376729687
1650548416845472991
1650548417314226888
1650548417782971173
1650548418251720885
1650548418720484245
1650548419189214698
1650548419657987632
1650548420126730622
1650548420595473594
1650548421064238603
1650548421532980742
1650548422001725752
1650548422470480002
1650548422939210012
1650548423407989392
1650548423876725125
1650548424345482728
1650548424814225127
1650548425282983508
1650548425751733241
1650548426220479141
1650548426689238597
1650548427157977275
1650548427626728138
1650548428095471002
1650548428564224218
1650548429032987396
1650548429501728316
1650548429970478051
1650548430439226212
1650548430908000169
1650548431376729367
1650548431845482010
1650548432314225319
1650548432782985407
1650548433251729495
1650548433720476305
1650548434189227541
1650548434658004852
1650548435126726829
1650548435595478158
1650548436064216710
1650548436532964021
1650548437001711796
1650548437470472385
1650548437939240252
1650548438407985657
1650548438876725228
1650548439345477873
1650548439814299630
1650548440282993572
1650548440751734200
1650548441220469253
1650548441689221548
1650548442157993472
1650548442626732286
1650548443095500414
1650548443564227931
1650548444033004319
1650548444501731078
1650548444970483836
1650548445439235521
1650548445907988947
1650548446376739095
1650548446845482780
1650548447314220688
1650548447782980336
1650548448251723559
1650548448720506930
1650548449189223283
1650548449657993487
1650548450126726248
1650548450595500083
1650548451064236843
1650548451532973956
1650548452001782032
1650548452470477238
1650548452939233629
1650548453407991131
1650548453876724837
1650548454345474507
1650548454814243269
1650548455282977901
1650548455751728923
1650548456220473185
1650548456689230133
1650548457158002581
1650548457626804714
1650548458095472737
1650548458564223945
1650548459032978116
1650548459501750064
1650548459970474143
1650548460439212333
1650548460907984634
1650548461376714194
1650548461845486959
1650548462314224446
1650548462782978970
1650548463251719679
1650548463720478148
1650548464189213616
1650548464658005974
1650548465126738166
1650548465595489450
1650548466064241271
1650548466532983815
1650548467001721896
1650548467470476773
1650548467939223299
1650548468407990232
1650548468876744443
1650548469345482895
1650548469814225125
1650548470282983392
1650548470751726641
1650548471220493575
1650548471689230250
1650548472158005221
1650548472626733897
1650548473095478757
1650548473564229766
1650548474032987997
1650548474501726396
1650548474970494831
1650548475439232988
1650548475907983072
1650548476376789582
1650548476845531795
1650548477314229232
1650548477782978723
1650548478251713104
1650548478720461522
1650548479189221773
1650548479657988080
1650548480126724702
1650548480595477676
1650548481064242539
1650548481533080254
1650548482001733599
1650548482470470685
1650548482939222364
1650548483407986802
1650548483876745962
1650548484345474030
1650548484814223412
1650548485282974480
1650548485751722604
1650548486220484913
1650548486689226611
1650548487158001735
1650548487626736952
1650548488095463114
1650548488564218442
1650548489032972159
1650548489501722192
1650548489970476298
1650548490439239905
1650548490908000067
1650548491376730656
1650548491845477152
1650548492314608665
1650548492782990385
1650548493251728955
1650548493720473266
1650548494189218837
1650548494657973815
1650548495126787682
1650548495595471772
1650548496064228417
1650548496532977378
1650548497001710116
1650548497470543595
1650548497939225630
1650548498407994831
1650548498876738422
1650548499345476975
1650548499814222214
1650548500282977676
1650548500751746026
1650548501220471043
1650548501689242857
1650548502158014078
1650548502626711040
1650548503095476854
1650548503564256779
1650548504032998815
1650548504501719445
1650548504970477981
1650548505439225426
1650548505908114684
1650548506376736815
1650548506845476019
1650548507314225130
1650548507782980927
1650548508251740816
1650548508720484410
1650548509189227318
1650548509657979874
1650548510126725135
1650548510595465914
1650548511064230452
1650548511532979750
1650548512001777566
1650548512470481124
1650548512939231699
1650548513408000738
1650548513876748722
1650548514345477669
1650548514814251208
1650548515282983007
1650548515751712084
1650548516220461198
1650548516689224386
1650548517158008314
1650548517626737984
1650548518095487117
1650548518564246621
1650548519034757730
1650548519501738998
1650548519970473261
1650548520439220006
1650548520908004547
1650548521376729088
1650548521845478999
1650548522314225041
1650548522782965342
1650548523251710828
1650548523720489277
1650548524189227393
1650548524657992379
1650548525126735477
1650548525595473334
1650548526064231858
1650548526532964622
1650548527001717924
1650548527470484430
1650548527939211936
1650548528407972405
1650548528876737725
1650548529345478898
1650548529814225571
1650548530282974652
1650548530751736547
1650548531220551942
1650548531689226968
1650548532158014975
1650548532626740148
1650548533095474433
1650548533564226478
1650548534033001429
1650548534501737103
1650548534970474000
1650548535439230470
1650548535908049422
1650548536376730653
1650548536845486846
1650548537314250224
1650548537782974974
1650548538251775408
1650548538720476157
1650548539189249406
1650548539657984100
1650548540126732072
1650548540595473933
1650548541064275738
1650548541532975784
1650548542001727368
1650548542470477025
1650548542939300979
1650548543408008489
1650548543876730184
1650548544345471471
1650548544814234481
1650548545282983584
1650548545751753446
1650548546220538808
1650548546689215096
1650548547157995496
1650548547626736265
1650548548095471406
1650548548564231120
1650548549032980779
1650548549501729587
1650548549970482672
1650548550439228294
1650548550908005417
1650548551376745854
1650548551845487477
1650548552314227230
1650548552782974019
1650548553251725716
1650548553720482117
1650548554189249611
1650548554658025049
1650548555126735339
1650548555595482185
1650548556064406271
1650548556532962488
1650548557001711890
1650548557470563532
1650548557939222452
1650548558408000558
1650548558876733368
1650548559345477029
1650548559814235765
1650548560283006278
1650548560751739236
1650548561220477546
1650548561689238653
1650548562157993537
1650548562626760636
1650548563095518374
1650548563564233471
1650548564032978790
1650548564501725631
1650548564970478694
1650548565439227092
1650548565907997603
1650548566376739004
1650548566845482724
1650548567314236439
1650548567782970738
1650548568251728085
1650548568720489183
1650548569189218698
1650548569657967338
1650548570126788111
1650548570595484405
1650548571064245366
1650548571532990884
1650548572001725440
1650548572470491795
1650548572939228429
1650548573407995118
1650548573876734404
1650548574345537223
1650548574814215182
1650548575282989187
1650548575751724759
1650548576220471563
1650548576689220638
1650548577157984646
1650548577626733577
1650548578095481160
1650548578564221798
1650548579032974771
1650548579501721450
1650548579970488592
1650548580439242884
1650548580908004937
1650548581376724249
1650548581845505860
1650548582314223173
1650548582782984807
1650548583251711250
1650548583720477036
1650548584189215423
1650548584658092339
1650548585126726878
1650548585595469820
1650548586064227930
1650548586532979486
1650548587001738912
1650548587470489637
1650548587939222290
1650548588408009459
1650548588876752040
1650548589345484952
1650548589814232685
1650548590283024855
1650548590751830293
1650548591220472393
1650548591689226299
1650548592158013248
1650548592626716510
1650548593095512588
1650548593564231705
1650548594032980451
1650548594501727588
1650548594970487466
1650548595439237068
1650548595908050503
1650548596376730680
1650548596845469380
1650548597314243499
1650548597782972646
1650548598251722933
1650548598720477249
1650548599189241739
1650548599658014428
1650548600126729364
1650548600595474278
1650548601064234565
1650548601533087646
1650548602001738270
1650548602470482578
1650548602939221998
1650548603408032286
1650548603876736506
1650548604345487870
1650548604814264942
1650548605282975362
1650548605751713309
1650548606220471561
1650548606689217177
1650548607157990335
1650548607626720602
1650548608095480779
1650548608564228233
1650548609032962226
1650548609501731626
1650548609970469564
1650548610439213540
1650548610907993165
1650548611376732177
1650548611845473343
1650548612314238613
1650548612782979336
1650548613251727588
1650548613720493461
1650548614189218491
1650548614658047179
1650548615126725599
1650548615595498847
1650548616064261671
1650548616532966663
1650548617001740506
1650548617470478406
1650548617939229029
1650548618407991595
1650548618876740368
1650548619345481008
1650548619814225079
1650548620282977718
1650548620751720959
1650548621220472097
1650548621689226302
1650548622157992124
1650548622626728887
1650548623095473875
1650548623564234584
1650548624032989645
1650548624501728097
1650548624970472160
1650548625439231482
1650548625907997953
1650548626376736867
1650548626845478045
1650548627314226179
1650548627782979044
1650548628251725659
1650548628720483488
1650548629189228121
1650548629657986544
1650548630126742490
1650548630595461675
1650548631064223861
1650548631532976084
1650548632001737177
1650548632470490641
1650548632939228884
1650548633407978718
1650548633876727277
1650548634345480109
1650548634814257058
1650548635282983353
1650548635751750044
1650548636220476338
1650548636689224068
1650548637157991137
1650548637626730572
1650548638095472863
1650548638564254632
1650548639033024698
1650548639501728211
1650548639970463130
1650548640439240289
1650548640908015764
1650548641376727590
1650548641845476104
1650548642314246204
1650548642782978350
1650548643251724005
1650548643720479873
1650548644189233767
1650548644657979266
1650548645126718474
1650548645595477899
1650548646064243068
1650548646533077455
1650548647001760069
1650548647470474812
1650548647939230166
1650548648407991814
1650548648876728076
1650548649345479371
1650548649814220578
1650548650282979371
1650548650751738634
1650548651220472074
1650548651689249542
1650548652157984257
1650548652626736800
1650548653095484106
1650548653564224317
1650548654032962510
1650548654501719055
1650548654970514284
1650548655439258531
1650548655907985966
1650548656376747581
1650548656845465073
1650548657314213464
1650548657782971066
1650548658251730807
1650548658720477503
1650548659189243519
1650548659657997363
1650548660126744804
1650548660595478557
1650548661064225625
1650548661532967174
1650548662001763666
1650548662470473049
1650548662939243042
1650548663407979829
1650548663876732211
1650548664345479959
1650548664814223305
1650548665282984977
1650548665751744489
1650548666220478326
1650548666689243949
1650548667157986802
1650548667626740908
1650548668095475499
1650548668564211216
1650548669032974119
1650548669501733207
1650548669970467369
1650548670439237121
1650548670907991375
1650548671376724311
1650548671845474455
1650548672314234703
1650548672783009345
1650548673251712240
1650548673720497938
1650548674189244348
1650548674658011843
1650548675126729362
1650548675595479061
1650548676064235391
1650548676532979535
1650548677001737678
1650548677470487969
1650548677939241815
1650548678407978974
1650548678876727969
1650548679345485532
1650548679814211786
1650548680282975273
1650548680751733637
1650548681220537194
1650548681689234948
1650548682157979244
1650548682626745571
1650548683095496271
1650548683564216710
1650548684032995759
1650548684501743418
1650548684970477727
1650548685439249421
1650548685908001543
1650548686376729142
1650548686845476912
1650548687314232249
1650548687782990370
1650548688251732389
1650548688720482880
1650548689189249248
1650548689657985683
1650548690126738029
1650548690595489575
1650548691064229270
1650548691532996555
1650548692001737378
1650548692470476200
1650548692939235003
1650548693408611342
1650548693876734124
1650548694345464569
1650548694814233370
1650548695282978960
1650548695751728409
1650548696220477274
1650548696689268906
1650548697158012879
1650548697626728901
1650548698095473334
1650548698564224799
1650548699032986912
1650548699501748858
1650548699970491804
1650548700439213544
1650548700907982581
1650548701376732558
1650548701845480724
1650548702314235734
1650548702782985695
1650548703251735758
1650548703720488089
1650548704189234074
1650548704657984107
1650548705126735144
1650548705595519046
1650548706064236525
1650548706532986593
1650548707001727921
1650548707470486190
1650548707939222554
1650548708407986561
1650548708876725626
1650548709345481945
1650548709814231639
1650548710282982824
1650548710751732442
1650548711220486476
1650548711689234389
1650548712158045973
1650548712626730683
1650548713095483061
1650548713564235305
1650548714032975180
1650548714501736052
1650548714970481239
1650548715439231312
1650548715907979220
1650548716376748363
1650548716845475899
1650548717314233187
1650548717782980832
1650548718251731171
1650548718720481871
1650548719189235151
1650548719657981145
1650548720126728644
1650548720595482506
1650548721064228168
1650548721532984195
1650548722001731390
1650548722470478324
1650548722939232554
1650548723407980706
1650548723876727878
1650548724345478360
1650548724814232068
1650548725282983063
1650548725751727844
1650548726220521482
1650548726689236891
1650548727157976213
1650548727626726656
1650548728095473843
1650548728564229062
1650548729032984338
1650548729501727277
1650548729970480420
1650548730439235986
1650548730907979905
1650548731376732578
1650548731845477699
1650548732314227423
1650548732782981671
1650548733251726299
1650548733720482193
1650548734189237279
1650548734657987523
1650548735126733327
1650548735595473773
1650548736064227387
1650548736532976053
1650548737001725738
1650548737470475197
1650548737939227805
1650548738407977854
1650548738876730293
1650548739345461040
1650548739814239440
1650548740282981701
1650548740751723155
1650548741220480856
1650548741689237158
1650548742157980226
1650548742626732841
1650548743095472608
1650548743564234720
1650548744032984427
1650548744501732334
1650548744970483277
1650548745439221014
1650548745908062713
1650548746376714354
1650548746845505940
1650548747314224001
1650548747782975345
1650548748251731716
1650548748720575981
1650548749189261756
1650548749657981688
1650548750126731882
1650548750595481070
1650548751064211798
1650548751532962816
1650548752001721131
1650548752470460962
1650548752939234885
1650548753407965508
1650548753876745557
1650548754345465935
1650548754814207075
1650548755282982058
1650548755751752732
1650548756220459452
1650548756689238734
1650548757157974466
1650548757627493969
1650548758095468363
1650548758564226992
1650548759032971511
1650548759501724156
1650548759970476041
1650548760439215775
1650548760907966750
1650548761376724570
1650548761845468802
1650548762314259469
1650548762782991790
1650548763251730175
1650548763720466012
1650548764189239706
1650548764657982448
1650548765126728063
1650548765595464542
1650548766064214190
1650548766532961017
1650548767001739955
1650548767470506594
1650548767939231845
1650548768408010200
1650548768876728596
1650548769345470281
1650548769814253246
1650548770282987555
1650548770751718463
1650548771220465396
1650548771689245837
1650548772157970432
1650548772626727203
1650548773095469625
1650548773564218097
1650548774032967885
1650548774501727631
1650548774970498784
1650548775439234229
1650548775907975935
1650548776376724061
1650548776845544891
1650548777314227661
1650548777782988545
1650548778251720715
1650548778720476966
1650548779189238741
1650548779657973582
1650548780126842460
1650548780595483781
1650548781064235805
1650548781532973861
1650548782001725620
1650548782470525745
1650548782939228409
1650548783407979122
1650548783876721429
1650548784345485747
1650548784814251366
1650548785282986716
1650548785751739979
1650548786220502230
1650548786689227991
1650548787157967866
1650548787626724641
1650548788095724986
1650548788564233651
1650548789032994034
1650548789501736708
1650548789970472864
1650548790439237904
1650548790907974482
1650548791376721998
1650548791845478572
1650548792314240563
1650548792782978911
1650548793251718137
1650548793720482629
1650548794189234535
1650548794657981023
1650548795126723516
1650548795595477334
1650548796064225172
1650548796532973041
1650548797001742521
1650548797470518201
1650548797939246030
1650548798407978205
1650548798876726584
1650548799345477993
1650548799814271998
1650548800282973328
1650548800751729626
1650548801220486967
1650548801689213613
1650548802157978337
1650548802626730737
1650548803095486881
1650548803564236111
1650548804032978823
1650548804501730623
1650548804970486423
1650548805439233236
1650548805907989550
1650548806376750134
1650548806845473092
1650548807314221671
1650548807783049993
1650548808254286086
1650548808720533645
1650548809189227082
1650548809657983175
1650548810126725957
1650548810595469843
1650548811064225248
1650548811532976462
1650548812001751287
1650548812470494867
1650548812939216336
1650548813407978391
1650548813876724411
1650548814345464312
1650548814814226716
1650548815282982221
1650548815751731788
1650548816220480083
1650548816689225997
1650548817158005193
1650548817626720733
1650548818095471219
1650548818564231753
1650548819032977696
1650548819501715967
1650548819970489940
1650548820439233724
1650548820907975675
1650548821376720286
1650548821845469380
1650548822314233817
1650548822782972444
1650548823251721412
1650548823720496108
1650548824189240625
1650548824657969261
1650548825126731808
1650548825599385875
1650548826064763950
1650548826532980699
1650548827001786287
1650548827470602963
1650548827939244568
1650548828407997516
1650548828876712838
1650548829345495501
1650548829814239224
1650548830282977900
1650548830751712804
1650548831220540749
1650548831689260166
1650548832157961959
1650548832633761557
1650548833095481730
1650548833564230970
1650548834032975545
1650548834501729891
1650548834970492682
1650548835439222356
1650548835907974623
1650548836376723216
1650548836845477571
1650548837314223676
1650548837782987655
1650548838251748067
1650548838720499190
1650548839189238651
1650548839657984639
1650548840126739908
1650548840595481835
1650548841064228041
1650548841532977611
1650548842001731996
1650548842470489135
1650548842939243348
1650548843407976091
1650548843876746354
1650548844345472497
1650548844814232848
1650548845282989354
1650548845751741255
1650548846220489977
1650548846689246187
1650548847157998031
1650548847626726866
1650548848095475018
1650548848564212773
1650548849032991788
1650548849501715372
1650548849970493862
1650548850439240105
1650548850907987609
1650548851376714457
1650548851845475343
1650548852314228128
1650548852782979658
1650548853251741916
1650548853720468200
1650548854189219118
1650548854657985804
1650548855126727104
1650548855595469376
1650548856064237798
1650548856532963658
1650548857001726332
1650548857470497241
1650548857939216836
1650548858407974127
1650548858876713549
1650548859345474777
1650548859814237082
1650548860282971137
1650548860751801824
1650548861220499056
1650548861689254499
1650548862157964761
1650548862626728919
1650548863095476414
1650548863564238196
1650548864033000295
1650548864501733738
1650548864970519885
1650548865439215767
1650548865907963464
1650548866376725838
1650548866845476937
1650548867314224673
1650548867782981766
1650548868251727551
1650548868720485989
1650548869189229229
1650548869657984810
1650548870126814301
1650548870595462507
1650548871064231843
1650548871533003800
1650548872001737870
1650548872470496859
1650548872939228237
1650548873407981774
1650548873876757349
1650548874345481675
1650548874814223745
1650548875282970285
1650548875751712442
1650548876220485011
1650548876689229790
1650548877157984574
1650548877626724755
1650548878095480106
1650548878564232021
1650548879032991030
1650548879501731755
1650548879970489979
1650548880439230604
1650548880907990396
1650548881376737050
1650548881845474651
1650548882314225057
1650548882782994225
1650548883251731271
1650548883720486970
1650548884189268378
1650548884657977665
1650548885126720176
1650548885595463234
1650548886064213478
1650548886532989380
1650548887001725709
1650548887470494606
1650548887939254946
1650548888408007076
1650548888876727596
1650548889345509884
1650548889814226305
1650548890282979566
1650548890751755258
1650548891220502178
1650548891689227680
1650548892157983129
1650548892626716642
1650548893095481730
1650548893564237663
1650548894032981484
1650548894501727799
1650548894970483021
1650548895439255791
1650548895907979507
1650548896376731324
1650548896845476441
1650548897314226417
1650548897782961490
1650548898254589403
1650548898720477153
1650548899189223002
1650548899657969876
1650548900126711235
1650548900595485677
1650548901064225713
1650548901532973555
1650548902001728898
1650548902474792577
1650548902939230162
1650548903407976397
1650548903876712004
1650548904345463842
1650548904814234312
1650548905282976141
1650548905751725068
1650548906220484037
1650548906689221068
1650548907157985455
1650548907626729479
1650548908095463525
1650548908564226375
1650548909032974523
1650548909501798791
1650548909970471915
1650548910439225473
1650548910907970773
1650548911376727138
1650548911845466487
1650548912314216158
1650548912782962537
1650548913251814031
1650548913720474182
1650548914189222744
1650548914657972146
1650548915126736754
1650548915595481297
1650548916064211120
1650548916532976952
1650548917001760321
1650548917470486258
1650548917939225083
1650548918407986456
1650548918876726626
1650548919345476527
1650548919814216838
1650548920282959897
1650548920751737256
1650548921220508454
1650548921689214696
1650548922157967312
1650548922626721861
1650548923095480468
1650548923564237991
1650548924032971942
1650548924501758976
1650548924970472104
1650548925439233075
1650548925907978769
1650548926376730676
1650548926845477771
1650548927314229391
1650548927782980293
1650548928251769460
1650548928720487670
1650548929189226754
1650548929658041770
1650548930126747865
1650548930595473727
1650548931064243368
1650548931532995925
1650548932001734132
1650548932470481812
1650548932939214159
1650548933407973405
1650548933876724355
1650548934345460610
1650548934814225998
1650548935282972022
1650548935751731309
1650548936220475510
1650548936689215031
1650548937157974666
1650548937626722643
1650548938095481344
1650548938564226331
1650548939032975912
1650548939501733114
1650548939970486279
1650548940439216825
1650548940907975372
1650548941376733315
1650548941845472521
1650548942314302529
1650548942782973266
1650548943251772487
1650548943720480326
1650548944189245187
1650548944657972241
1650548945126733037
1650548945595535137
1650548946064230333
1650548946532985482
1650548947001798852
1650548947470485828
1650548947939234303
1650548948407979601
1650548948876735698
1650548949345480580
1650548949814244409
1650548950282984245
1650548950751739882
1650548951220474523
1650548951689227282
1650548952157975896
1650548952626715202
1650548953095561897
1650548953564228475
1650548954032985052
1650548954501738639
1650548954970487652
1650548955439236193
1650548955907981031
1650548956376761174
1650548956845476171
1650548957314236934
1650548957782975424
1650548958251759566
1650548958720566861
1650548959189255218
1650548959657971933
1650548960126724816
1650548960600475545
1650548961064247711
1650548961532988131
1650548962001741515
1650548962470572444
1650548962939259728
1650548963407981465
1650548963876739258
1650548964345522558
1650548964814224492
1650548965282968487
1650548965751748894
1650548966220465213
1650548966689224297
1650548967157976403
1650548967626727460
1650548968095476186
1650548968564226069
1650548969032975859
1650548969501750844
1650548969970480349
1650548970439227881
1650548970907977043
1650548971376725251
1650548971845474331
1650548972314225511
1650548972782974083
1650548973251743160
1650548973720483928
1650548974189230662
1650548974657976440
1650548975126726387
1650548975595476972
1650548976064226909
1650548976532976800
1650548977001738172
1650548977470479388
1650548977939230086
1650548978407977366
1650548978876727388
1650548979345474955
1650548979814227303
1650548980282977008
1650548980751739754
1650548981220479098
1650548981689230077
1650548982157978559
1650548982626728641
1650548983095476502
1650548983564226445
1650548984032977834
1650548984501739213
1650548984970482352
1650548985439232537
1650548985907977593
1650548986376727454
1650548986845478854
1650548987314227760
1650548987782976447
1650548988251741473
1650548988720484800
1650548989189232723
1650548989657980912
1650548990126737585
1650548990595477007
1650548991064228836
1650548991532979989
1650548992001765809
1650548992470484972
1650548992939233302
1650548993407982381
1650548993876730091
1650548994345480679
1650548994814229158
1650548995282979625
1650548995751766409
1650548996220482385
1650548996689233180
1650548997157980571
1650548997626728914
1650548998095480443
1650548998564228776
1650548999032979240
1650548999501802600
1650548999970484741
1650549000439230667
1650549000907976557
1650549001376730455
1650549001845479836
1650549002314230205
1650549002782979559
1650549003251808657
1650549003720482578
1650549004189232186
1650549004657977004
1650549005126728565
1650549005595475541
1650549006064227369
1650549006532977410
1650549007001769024
1650549007470483797
1650549007939232089
1650549008407979629
1650549008876727522
1650549009345479256
1650549009814232622
1650549010282976901
1650549010751769313
1650549011220487174
1650549011689232060
1650549012157982300
1650549012626729491
1650549013095478591
1650549013564229791
1650549014032979918
1650549014501766035
1650549014970484431
1650549015439231372
1650549015907981147
1650549016376729040
1650549016845480362
1650549017314230152
1650549017782980224
1650549018251765597
1650549018720486382
1650549019189231467
1650549019657981076
1650549020126728780
1650549020595478380
1650549021064230333
1650549021532976942
1650549022001752144
1650549022470483948
1650549022939230548
1650549023407976360
1650549023876726358
1650549024345474863
1650549024814226612
1650549025282977032
1650549025751754716
1650549026220481052
1650549026689229301
1650549027157977386
1650549027626726662
1650549028095475847
1650549028564227503
1650549029032975623
1650549029501745010
1650549029970480249
1650549030439257848
1650549030907975949
1650549031376730223
1650549031845476889
1650549032314225189
1650549032782976012
1650549033251745375
1650549033720480726
1650549034189230431
1650549034657977476
1650549035126727133
1650549035595478187
1650549036064230427
1650549036532980749
1650549037001753885
1650549037470487012
1650549037939236936
1650549038407977886
1650549038876726596
1650549039345475221
1650549039814229514
1650549040282975776
1650549040751760115
1650549041220482478
1650549041689230697
1650549042157977715
1650549042626710128
1650549043095463321
1650549043564293446
1650549044032983017
1650549044501715801
1650549044970465213
1650549045439223467
1650549045907987129
1650549046376728354
1650549046845475341
1650549047314230406
1650549047783021030
1650549048251745771
1650549048720523200
1650549049189221171
1650549049657972795
1650549050126751032
1650549050595477147
1650549051064225058
1650549051532962292
1650549052001767952
1650549052470545398
1650549052939226864
1650549053407977318
1650549053876723033
1650549054345482032
1650549054814233459
1650549055283008224
1650549055751714031
1650549056220477063
1650549056689224731
1650549057157976659
1650549057626722983
1650549058095477438
1650549058564242734
1650549059032972030
1650549059501738501
1650549059970477694
1650549060439236673
1650549060907979338
1650549061376723750
1650549061845543108
1650549062314212196
1650549062782982600
1650549063251733434
1650549063720488014
1650549064189237115
1650549064657960593
1650549065126727516
1650549065595503817
1650549066064256026
1650549066532990317
1650549067001798625
1650549067470611590
1650549067939238872
1650549068407981364
1650549068876725987
1650549069345483486
1650549069814794219
1650549070283068937
1650549070751725837
1650549071220488202
1650549071689233203
1650549072157974594
1650549072626715399
1650549073095463317
1650549073564238426
1650549074032987184
1650549074501725710
1650549074970467772
1650549075439295619
1650549075907982524
1650549076376724935
1650549076845470866
1650549077314233858
1650549077782972261
1650549078251731723
1650549078720470190
1650549079189230752
1650549079657970746
1650549080126727315
1650549080595468261
1650549081064214412
1650549081532978737
1650549082001740950
1650549082470478265
1650549082939240654
1650549083407988698
1650549083876710836
1650549084345493220
1650549084814213237
1650549085282967851
1650549085751721394
1650549086220463515
1650549086689221122
1650549087157963583
1650549087626735439
1650549088095482074
1650549088564254994
1650549089032982729
1650549089501724806
1650549089970475697
1650549090439225280
1650549090907980346
1650549091376728178
1650549091845470067
1650549092314231868
1650549092782979228
1650549093251790851
1650549093720477572
1650549094189285701
1650549094657974319
1650549095126730493
1650549095595475026
1650549096064227856
1650549096532978785
1650549097001725030
1650549097470480319
1650549097939226145
1650549098407976942
1650549098876721739
1650549099345556634
1650549099814217515
1650549100282999621
1650549100751739990
1650549101220509844
1650549101689233740
1650549102157977583
1650549102626715024
1650549103095489114
1650549103564229711
1650549104033511374
1650549104501736783
1650549104970484888
1650549105439213352
1650549105907989798
1650549106376733991
1650549106845488038
1650549107314278237
1650549107782978107
1650549108251728851
1650549108720483710
1650549109189228368
1650549109657976327
1650549110126725307
1650549110595478644
1650549111064228705
1650549111532997143
1650549112001736229
1650549112470480138
1650549112939224732
1650549113407976073
1650549113876730712
1650549114345471856
1650549114814213966
1650549115283006135
1650549115751735864
1650549116220502725
1650549116689233295
1650549117157995053
1650549117626733519
1650549118095480950
1650549118564213665
1650549119033000268
1650549119501726565
1650549119970463362
1650549120439252128
1650549120908014155
1650549121376736354
1650549121845471907
1650549122314221706
1650549122782980766
1650549123251726146
1650549123720478899
1650549124189231914
1650549124658009397
1650549125126727976
1650549125595517910
1650549126064242180
1650549126532989827
1650549127001734122
1650549127470487480
1650549127939244486
1650549128407981462
1650549128876722476
1650549129345474365
1650549129814223609
1650549130282997134
1650549130751725719
1650549131220476233
1650549131689221195
1650549132158003622
1650549132626728667
1650549133095465250
1650549133564247393
1650549134032997704
1650549134501743782
1650549134970489193
1650549135439275777
1650549135907985178
1650549136376724769
1650549136845459565
1650549137314233311
1650549137783016929
1650549138251732348
1650549138720479011
1650549139189227233
1650549139657995310
1650549140126719909
1650549140602645522
1650549141064252136
1650549141532980025
1650549142001737359
1650549142470477644
1650549142939232855
1650549143407976980
1650549143876727847
1650549144345476330
1650549144814244704
1650549145283018268
1650549145751741279
1650549146220459813
1650549146689223109
1650549147157970389
1650549147626711434
1650549148095478072
1650549148564243401
1650549149032976231
1650549149501726920
1650549149970473368
1650549150439223563
1650549150907972240
1650549151376720312
1650549151845482478
1650549152314227983
1650549152782961712
1650549153251731296
1650549153720628364
1650549154189226290
1650549154657971385
1650549155126728056
1650549155595479900
1650549156064233225
1650549156532980909
1650549157001739463
1650549157470487784
1650549157939232827
1650549158407965468
1650549158876722500
1650549159345477870
1650549159814241797
1650549160283004414
1650549160751767348
1650549161220478879
1650549161689235562
1650549162157971524
1650549162626722510
1650549163095485312
1650549163564224917
1650549164032975114
1650549164501733151
1650549164970479040
1650549165439237398
1650549165907976572
1650549166376726067
1650549166845474266
1650549167314220729
1650549167782991547
1650549168251743183
1650549168720472582
1650549169189304408
1650549169658001981
1650549170126732148
1650549170595477080
1650549171064225030
1650549171532999320
1650549172001735481
1650549172470480704
1650549172939229186
1650549173407976323
1650549173876736867
1650549174345475917
1650549174814222839
1650549175282977747
1650549175751742343
1650549176220484534
1650549176689236618
1650549177157978612
1650549177626726981
1650549178095477999
1650549178564256875
1650549179033025213
1650549179501740282
1650549179970465480
1650549180439214257
1650549180907976054
1650549181376730153
1650549181845478531
1650549182314231617
1650549182782968853
1650549183251744500
1650549183720478133
1650549184189239693
1650549184657985147
1650549185126734622
1650549185595511749
1650549186064218562
1650549186533003233
1650549187001721516
1650549187470476972
1650549187939234872
1650549188407975667
1650549188876721111
1650549189345463171
1650549189814234658
1650549190282970817
1650549190751759440
1650549191220473401
1650549191689212940
1650549192157987887
1650549192626726951
1650549193095492071
1650549193564223493
1650549194033003267
1650549194501739178
1650549194970481625
1650549195444805263
1650549195908019124
1650549196376718269
1650549196845464915
1650549197314243861
1650549197783040754
1650549198251731688
1650549198720473347
1650549199189238064
1650549199657976971
1650549200126728453
1650549200595476329
1650549201064230206
1650549201532981459
1650549202001727619
1650549202470466916
1650549202939228879
1650549203407970792
1650549203876786576
1650549204345460978
1650549204814217565
1650549205282983249
1650549205751735583
1650549206220492273
1650549206689223411
1650549207157978736
1650549207626751361
1650549208095469951
1650549208564241398
1650549209032983901
1650549209501735558
1650549209970482882
1650549210439235582
1650549210907985430
1650549211376735969
1650549211845531343
1650549212314234814
1650549212783015286
1650549213251731707
1650549213720480853
1650549214189263612
1650549214657975913
1650549215126728067
1650549215595471411
1650549216064223756
1650549216533005013
1650549217001737067
1650549217470478665
1650549217939235781
1650549218407978865
1650549218876741895
1650549219345485892
1650549219814286039
1650549220283028616
1650549220751734455
1650549221220483260
1650549221689243901
1650549222157975527
1650549222626718286
1650549223095493619
1650549223564228885
1650549224033016872
1650549224501729088
1650549224970464397
1650549225439223230
1650549225907976600
1650549226376734790
1650549226845472241
1650549227314227085
1650549227782991690
1650549228251730743
1650549228720464392
1650549229189210968
1650549229657975234
1650549230126714298
1650549230595479996
1650549231064229491
1650549231533003750
1650549232001730880
1650549232470495424
1650549232939219987
1650549233407979665
1650549233876758844
1650549234345483954
1650549234814266047
1650549235283006255
1650549235751750651
1650549236220490475
1650549236689246377
1650549237157962077
1650549237626736337
1650549238095517764
1650549238564226271
1650549239033003148
1650549239501734476
1650549239970487285
1650549240439234544
1650549240907977045
1650549241376711717
1650549241845482816
1650549242314225067
1650549242783019968
1650549243251778983
1650549243720476447
1650549244189256282
1650549244657981807
1650549245126728871
1650549245595469364
1650549246064227192
1650549246533012691
1650549247001740191
1650549247470480753
1650549247939230499
1650549248407974621
1650549248876725855
1650549249345476353
1650549249814229241
1650549250282985170
1650549250751741119
1650549251220478035
1650549251689236565
1650549252157980800
1650549252626763465
1650549253095475391
1650549253564223155
1650549254033036622
1650549254501717282
1650549254970466626
1650549255439226068
1650549255907979288
1650549256376727865
1650549256845482091
1650549257314234635
1650549257782991071
1650549258251733991
1650549258721359663
1650549259189229340
1650549259658017454
1650549260126724033
1650549260595474227
1650549261064218959
1650549261533017825
1650549262001734896
1650549262470485528
1650549262939220845
1650549263407962019
1650549263876729545
1650549264345482706
1650549264814247886
1650549265282985903
1650549265751730497
1650549266220492890
1650549266689232360
1650549267157981072
1650549267626740918
1650549268095480173
1650549268564241377
1650549269032969618
1650549269501729624
1650549269970466111
1650549270439234659
1650549270907977041
1650549271376727668
1650549271845482093
1650549272314245151
1650549272783000859
1650549273251732422
1650549273720477544
1650549274189220779
1650549274657976943
1650549275126721627
1650549275595474408
1650549276064217004
1650549276532972865
1650549277001727429
1650549277470465222
1650549277939225958
1650549278407960997
1650549278876731794
1650549279345481319
1650549279814229289
1650549280283008059
1650549280751732924
1650549281220475569
1650549281689227458
1650549282157977719
1650549282626740206
1650549283095491991
1650549283564218336
1650549284033003236
1650549284501721179
1650549284970476067
1650549285439232459
1650549285907999778
1650549286376728083
1650549286845477407
1650549287314213847
1650549287782981954
1650549288251729806
1650549288720473919
1650549289189218498
1650549289657972876
1650549290134789769
1650549290595464825
1650549291064242061
1650549291533016487
1650549292001728876
1650549292470488030
1650549292939220592
1650549293407981047
1650549293876770058
1650549294345471352
1650549294814230757
1650549295283003314
1650549295751732448
1650549296220493473
1650549296689233556
1650549297157975512
1650549297632017352
1650549298095470135
1650549298564258192
1650549299033029046
1650549299501759535
1650549299970475765
1650549300439234388
1650549300907992993
1650549301376740584
1650549301845477491
1650549302314248661
1650549302783007647
1650549303251734025
1650549303720496758
1650549304189254640
1650549304657973971
1650549305126723859
1650549305595478380
1650549306064234957
1650549306532985132
1650549307001732436
1650549307470466950
1650549307939214982
1650549308408046721
1650549308876714759
1650549309345471911
1650549309814239435
1650549310283008240
1650549310751737881
1650549311220462857
1650549311689227077
1650549312157980965
1650549312626725672
1650549313095480343
1650549313564220481
1650549314032983600
1650549314501735317
1650549314974780336
1650549315439228127
1650549315907970165
1650549316376747947
1650549316845481193
1650549317314234554
1650549317782986491
1650549318251731449
1650549318720475447
1650549319189217743
1650549319658006930
1650549320126753842
1650549320595470980
1650549321064231174
1650549321533005039
1650549322001734145
1650549322470496071
1650549322939224515
1650549323407977316
1650549323876724729
1650549324345479423
1650549324814214989
1650549325283000965
1650549325751726388
1650549326220492720
1650549326689226630
1650549327157977375
1650549327626723086
1650549328095477538
1650549328564229829
1650549329033013304
1650549329501730841
1650549329970465451
1650549330439316472
1650549330907961959
1650549331376711319
1650549331845500013
1650549332314216508
1650549332783045466
1650549333251735409
1650549333720487151
1650549334189249969
1650549334657973771
1650549335126724816
1650549335595472105
1650549336064229228
1650549336533005521
1650549337001754149
1650549337470473559
1650549337939236636
1650549338408360639
1650549338876729003
1650549339345479662
1650549339814232583
1650549340282979561
1650549340751728024
1650549341220498433
1650549341689227030
1650549342157984332
1650549342626716527
1650549343095470463
1650549343564220514
1650549344033006732
1650549344501740937
1650549344970480160
1650549345439211740
1650549345907996764
1650549346376872606
1650549346845469655
1650549347314225336
1650549347783018518
1650549348251740888
1650549348720478279
1650549349189239432
1650549349657988050
1650549350126736354
1650549350595479126
1650549351064236361
1650549351533022562
1650549352001726487
1650549352470464546
1650549352939225661
1650549353408004483
1650549353876724973
1650549354345478688
1650549354814214072
1650549355283014013
1650549355751730495
1650549356220480293
1650549356689231630
1650549357157983655
1650549357626722683
1650549358095479767
1650549358564230966
1650549359033068331
1650549359501733036
1650549359970489018
1650549360439239393
1650549360907977065
1650549361376729667
1650549361845466973
1650549362314242468
1650549362782986538
1650549363251739148
1650549363720475650
1650549364189227949
1650549364657991807
1650549365126731592
1650549365595472806
1650549366064231262
1650549366532998351
1650549367001721126
1650549367470479406
1650549367944797900
1650549368407973432
1650549368876725031
1650549369345478060
1650549369814254534
1650549370283043973
1650549370751738971
1650549371220474786
1650549371689229751
1650549372158010217
1650549372626731521
1650549373095484269
1650549373564227040
1650549374033003497
1650549374501722532
1650549374970526140
1650549375439211699
1650549375907978460
1650549376376731059
1650549376845559732
1650549377314238576
1650549377783003977
1650549378251736899
1650549378720484304
1650549379189244378
1650549379657984640
1650549380126736792
1650549380595489670
1650549381064236011
1650549381533006727
1650549382001729739
1650549382470471089
1650549382939226272
1650549383407975219
1650549383884540597
1650549384345475913
1650549384814226457
1650549385282996208
1650549385751729405
1650549386220503234
1650549386689235454
1650549387157988583
1650549387626722567
1650549388095475904
1650549388564237485
1650549389032994585
1650549389501742838
1650549389970480757
1650549390439219051
1650549390907993141
1650549391376712643
1650549391845479774
1650549392314226780
1650549392783000231
1650549393251712166
1650549393720509492
1650549394189281690
1650549394658137371
1650549395126835445
1650549395595468670
1650549396064222709
1650549396532977938
1650549397001717945
1650549397470473974
1650549397939228411
1650549398407990499
1650549398876730330
1650549399345492144
1650549399814240720
1650549400283039279
1650549400751738156
1650549401220468497
1650549401689236526
1650549402158112740
1650549402626730497
1650549403095467457
1650549403564225994
1650549404033011162
1650549404501733037
1650549404970464580
1650549405439225959
1650549405907993765
1650549406376736426
1650549406845462625
1650549407314237272
1650549407782986179
1650549408251730811
1650549408720487074
1650549409189257432
1650549409658032292
1650549410126729895
1650549410595476278
1650549411064226773
1650549411533000790
1650549412001746048
1650549412470469126
1650549412939229055
1650549413408003191
1650549413876737829
1650549414345476766
1650549414814243129
1650549415283040791
1650549415751725605
1650549416220486012
1650549416689231273
1650549417157984869
1650549417626725931
1650549418095489920
1650549418564222542
1650549419033029737
1650549419501729549
1650549419970499749
1650549420439232861
1650549420907975769
1650549421376720033
1650549421845483352
1650549422314235916
1650549422783027239
1650549423251742566
1650549423720478691
1650549424189216040
1650549424657965465
1650549425126749465
1650549425595485136
1650549426064230399
1650549426533657419
1650549427001751989
1650549427470484168
1650549427939244421
1650549428407980140
1650549428876723898
1650549429345469491
1650549429814250104
1650549430282974998
1650549430751751615
1650549431220478068
1650549431689225263
1650549432157963072
1650549432626717346
1650549433095491953
1650549433564227769
1650549434032984177
1650549434501731811
1650549434970480741
1650549435439232842
1650549435907971296
1650549436376727696
1650549436845483357
1650549437314228595
1650549437782975372
1650549438251717113
1650549438720490153
1650549439189222768
1650549439657962608
1650549440126717357
1650549440595648718
1650549441064244861
1650549441533002487
1650549442001722076
1650549442470481669
1650549442939223855
1650549443407974878
1650549443876721198
1650549444345480705
1650549444814229047
1650549445282999781
1650549445751736646
1650549446220480642
1650549446689228733
1650549447157981918
1650549447626727662
1650549448095485702
1650549448564222894
1650549449033045030
1650549449501737819
1650549449970483182
1650549450439314140
1650549450907992877
1650549451376719729
1650549451845480063
1650549452314222936
1650549452782974292
1650549453251725021
1650549453720475029
1650549454189218150
1650549454657978700
1650549455126715028
1650549455595470600
1650549456064235950
1650549456532993989
1650549457001725788
1650549457470475516
1650549457939227781
1650549458407976568
1650549458876709985
1650549459345462387
1650549459814229290
1650549460282982324
1650549460751730601
1650549461220478547
1650549461689241847
1650549462158052813
1650549462626738118
1650549463095473237
1650549463564239433
1650549464033001556
1650549464501720145
1650549464970476549
1650549465439228383
1650549465907961865
1650549466376723443
1650549466845473169
1650549467314223251
1650549467782992259
1650549468251728769
1650549468724778552
1650549469189232222
1650549469657984460
1650549470126726829
1650549470595473423
1650549471064235851
1650549471532971968
1650549472001736492
1650549472470473539
1650549472939247807
1650549473407974116
1650549473876724481
1650549474345484812
1650549474814249088
1650549475282983349
1650549475751730407
1650549476220480115
1650549476689233269
1650549477157966536
1650549477626737213
1650549478095477668
1650549478564234682
1650549479032978289
1650549479501731270
1650549479970486399
1650549480439230328
1650549480907996886
1650549481376732818
1650549481845476381
1650549482314250835
1650549482782985586
1650549483251729210
1650549483720485169
1650549484189213371
1650549484657982037
1650549485126714149
1650549485595471005
1650549486064235768
1650549486532979516
1650549487001717653
1650549487470488831
1650549487939243638
1650549488408866421
1650549488876730334
1650549489345477852
1650549489814246482
1650549490282980540
1650549490751739747
1650549491220501290
1650549491689229001
1650549492157971140
1650549492626729540
1650549493095480978
1650549493564780154
1650549494032983972
1650549494501731065
1650549494970491583
1650549495439233717
1650549495907969814
1650549496376712709
1650549496845469347
1650549497314240357
1650549497782992739
1650549498251726011
1650549498720477304
1650549499189212728
1650549499657972488
1650549500126722934
1650549500595512659
1650549501064239034
1650549501533000005
1650549502001720716
1650549502470474913
1650549502939223258
1650549503407987827
1650549503876737324
1650549504345471249
1650549504814231305
1650549505283038547
1650549505751715033
1650549506223624099
1650549506689266008
1650549507157971350
1650549507626726287
1650549508095475317
1650549508564234073
1650549509032993513
1650549509501732365
1650549509970481383
1650549510439235220
1650549510907980630
1650549511376717822
1650549511845466236
1650549512314225893
1650549512782983330
1650549513251737935
1650549513720466875
1650549514189228631
1650549514657983778
1650549515126729575
1650549515595477799
1650549516064236580
1650549516533000901
1650549517001714945
1650549517470495788
1650549517939219427
1650549518407969125
1650549518876721157
1650549519345475377
1650549519814243597
1650549520282990283
1650549520751728878
1650549521220490937
1650549521689216202
1650549522157975690
1650549522626733791
1650549523095487282
1650549523564244720
1650549524032981826
1650549524501740453
1650549524970464488
1650549525439220359
1650549525907992582
1650549526376735419
1650549526845476905
1650549527314211930
1650549527782969994
1650549528251733263
1650549528720505607
1650549529189264953
1650549529657986765
1650549530126718484
1650549530595466873
1650549531064224818
1650549531532983691
1650549532001721935
1650549532470474683
1650549532939228245
1650549533407973718
1650549533876730765
1650549534345489630
1650549534814230403
1650549535282987455
1650549535751730602
1650549536220477954
1650549536689230678
1650549537157973607
1650549537626729335
1650549538095472489
1650549538564217628
1650549539032991507
1650549539501750204
1650549539970486754
1650549540439237473
1650549540907971544
1650549541376730025
1650549541845481766
1650549542314219640
1650549542782969829
1650549543251730853
1650549543720483101
1650549544189255387
1650549544657979527
1650549545126713150
1650549545595514553
1650549546064248345
1650549546532998307
1650549547001733398
1650549547470488604
1650549547939223644
1650549548407986000
1650549548876729747
1650549549345469347
1650549549814212801
1650549550282966275
1650549550751720231
1650549551220466634
1650549551689237964
1650549552157962481
1650549552626730388
1650549553095460093
1650549553564237023
1650549554032972101
1650549554501724960
1650549554970479855
1650549555439223477
1650549555907965042
1650549556376710333
1650549556845466013
1650549557314233066
1650549557782986694
1650549558251733305
1650549558720481844
1650549559189231921
1650549559657979870
1650549560126719654
1650549560595463217
1650549561064225930
1650549561532986071
1650549562001722415
1650549562470492374
1650549562939280740
1650549563407975795
1650549563876727628
1650549564345462945
1650549564814224725
1650549565283004396
1650549565751753310
1650549566220497447
1650549566689237234
1650549567157984725
1650549567626727904
1650549568095488713
1650549568564261858
1650549569032981874
1650549569501752634
1650549569970493319
1650549570439235211
1650549570907976956
1650549571376737147
1650549571845475654
1650549572314247829
1650549572782984987
1650549573251729962
1650549573720475252
1650549574189243785
1650549574657980894
1650549575126716078
1650549575595469856
1650549576064229784
1650549576532975917
1650549577001732384
1650549577470487706
1650549577939228547
1650549578407979038
1650549578876711771
1650549579345485672
1650549579814303778
1650549580282990534
1650549580751725718
1650549581220477699
1650549581689263329
1650549582157979388
1650549582626724485
1650549583095484286
1650549583564241849
1650549584033009727
1650549584501750052
1650549584970475545
1650549585439225540
1650549585907994516
1650549586376731644
1650549586845481457
1650549587314241272
1650549587782977737
1650549588251764110
1650549588720486559
1650549589189224565
1650549589657987924
1650549590126729822
1650549590595531795
1650549591064259102
1650549591532987283
1650549592001738149
1650549592470500443
1650549592939221923
1650549593407970220
1650549593876724314
1650549594345480262
1650549594814232434
1650549595282984995
1650549595751731429
1650549596220487919
1650549596689226041
1650549597157969460
1650549597626722751
1650549598095464951
1650549598564247912
1650549599033000706
1650549599501725893
1650549599970478079
1650549600439233231
1650549600907979624
1650549601376722038
1650549601845491990
1650549602314239851
1650549602782973676
1650549603251727391
1650549603720478405
1650549604189234956
1650549604657985065
1650549605126710860
1650549605595467027
1650549606064249750
1650549606532968513
1650549607001723498
1650549607470473283
1650549607939211604
1650549608407964225
1650549608876710957
1650549609345480468
1650549609814251388
1650549610282986106
1650549610751732344
1650549611220477472
1650549611689226472
1650549612157981640
1650549612626730365
1650549613095464165
1650549613564224245
1650549614033008473
1650549614501735371
1650549614970461287
1650549615439229298
1650549615907977403
1650549616376720380
1650549616845477802
1650549617314234263
1650549617782992188
1650549618251730115
1650549618720504228
1650549619189225768
1650549619657984995
1650549620126725297
1650549620595483361
1650549621064227850
1650549621532986083
1650549622001739372
1650549622470467071
1650549622939213862
1650549623407962304
1650549623876727339
1650549624345613171
1650549624814223766
1650549625282991954
1650549625751733680
1650549626220482555
1650549626689220266
1650549627157984440
1650549627626725042
1650549628095491700
1650549628564232528
1650549629032982411
1650549629501723778
1650549629970477534
1650549630439251755
1650549630907971570
1650549631376714738
1650549631845477092
1650549632314239615
1650549632782989620
1650549633251735757
1650549633720579171
1650549634189218034
1650549634657977118
1650549635126723649
1650549635595477885
1650549636064257398
1650549636532987286
1650549637001752561
1650549637470474914
1650549637939227767
1650549638407975807
1650549638876720922
1650549639345476631
1650549639814230119
1650549640283004701
1650549640751751155
1650549641220473925
1650549641689219215
1650549642157961617
1650549642626719409
1650549643095471925
1650549643564326682
1650549644032978664
1650549644501727832
1650549644970482334
1650549645439237283
1650549645907965473
1650549646376734739
1650549646845473783
1650549647314238107
1650549647782985729
1650549648251746185
1650549648720496938
1650549649189327322
1650549649657972653
1650549650126728151
1650549650595477318
1650549651064245003
1650549651533002117
1650549652001717731
1650549652470487162
1650549652939267574
1650549653407971601
1650549653876729794
1650549654345473730
1650549654814314666
1650549655283018160
1650549655751720063
1650549656220493059
1650549656689234057
1650549657157978407
1650549657626724982
1650549658095466446
1650549658564232819
1650549659032964082
1650549659501735495
1650549659970474519
1650549660439219528
1650549660907976721
1650549661376714139
1650549661845474243
1650549662314239737
1650549662782984473
1650549663251723229
1650549663720476431
1650549664189231708
1650549664657968449
1650549665126731043
1650549665595492102
1650549666064246254
1650549666532981056
1650549667001756729
1650549667470478941
1650549667939234894
1650549668407973331
1650549668876762212
1650549669345482263
1650549669814257573
1650549670282973792
1650549670751736124
1650549671220475197
1650549671689210457
1650549672157982551
1650549672626737277
1650549673095484929
1650549673564234842
1650549674032987348
1650549674501716338
1650549674970476032
1650549675439214173
1650549675908027924
1650549676376731530
1650549676845478507
1650549677314221522
1650549677782993853
1650549678251726316
1650549678720482816
1650549679189247743
1650549679657969876
1650549680126725898
1650549680595478163
1650549681064256669
1650549681532992307
1650549682001733908
1650549682470474085
1650549682939228966
1650549683407977072
1650549683876739289
1650549684345487285
1650549684814239246
1650549685282976430
1650549685751750744
1650549686220494116
1650549686689220748
1650549687157968826
1650549687626723423
1650549688095484003
1650549688564236103
1650549689033006629
1650549689501715177
1650549689970461779
1650549690439226551
1650549690907978212
1650549691376731671
1650549691845495075
1650549692314247555
1650549692782979443
1650549693251721388
1650549693720464816
1650549694189222040
1650549694657979508
1650549695126726772
1650549695595480353
1650549696064256600
1650549696532974536
1650549697001725804
1650549697470469075
1650549697939233661
1650549698407973416
1650549698876727059
1650549699345470668
1650549699814224370
1650549700282974796
1650549700751727074
1650549701220477224
1650549701689241727
1650549702157971657
1650549702626727015
1650549703095469891
1650549703564225696
1650549704032989074
1650549704501721141
1650549704970514243
1650549705439225034
1650549705907985547
1650549706376729914
1650549706845487819
1650549707314247336
1650549707782999057
1650549708251740725
1650549708720489023
1650549709189228767
1650549709657996660
1650549710126756035
1650549710595484894
1650549711064261253
1650549711532993818
1650549712001727808
1650549712470479987
1650549712939221795
1650549713407985549
1650549713876722563
1650549714345477209
1650549714814260706
1650549715282989298
1650549715751753614
1650549716220480041
1650549716689224785
1650549717157984047
1650549717626725849
1650549718095476281
1650549718564229362
1650549719032984814
1650549719501735621
1650549719970474575
1650549720439213902
1650549720908019877
1650549721376725559
1650549721845484888
1650549722314239552
1650549722782993570
1650549723251735310
1650549723720494330
1650549724189254128
1650549724657984002
1650549725126722784
1650549725595476901
1650549726064234684
1650549726532985359
1650549727001751349
1650549727470478359
1650549727939222851
1650549728407978993
1650549728876711710
1650549729345478502
1650549729814266906
1650549730282998145
1650549730751732348
1650549731220473644
1650549731689215849
1650549732157972481
1650549732626731836
1650549733095475470
1650549733564241772
1650549734032981482
1650549734501761175
1650549734970494814
1650549735439229991
1650549735907968816
1650549736376727958
1650549736845554212
1650549737314257930
1650549737782990686
1650549738251718666
1650549738720478906
1650549739189239794
1650549739657969407
1650549740126735465
1650549740595514857
1650549741064292231
1650549741532978960
1650549742001723373
1650549742470483437
1650549742939242260
1650549743407978085
1650549743876723225
1650549744345475145
1650549744814238732
1650549745282993653
1650549745751727946
1650549746220471648
1650549746689238665
1650549747157990220
1650549747626718332
1650549748095475463
1650549748564290540
1650549749033211172
1650549749501736994
1650549749970474593
1650549750440067945
1650549750907979145
1650549751376723322
1650549751845475739
1650549752314225825
1650549752783041670
1650549753251744925
1650549753720473718
1650549754189227974
1650549754657986805
1650549755126723286
1650549755595472657
1650549756064272491
1650549756532994031
1650549757001740923
1650549757470476298
1650549757939260692
1650549758407978310
1650549758876728743
1650549759345478641
1650549759814297761
1650549760282993643
1650549760751721969
1650549761220473889
1650549761689221903
1650549762157984233
1650549762626715397
1650549763095472210
1650549763564243098
1650549764032984117
1650549764501732230
1650549764970477639
1650549765439225866
1650549765907984018
1650549766376725802
1650549766845469993
1650549767314232760
1650549767782989028
1650549768251734186
1650549768720483474
1650549769189225375
1650549769657979258
1650549770126729049
1650549770595492620
1650549771064231505
1650549771532992911
1650549772001739855
1650549772470477467
1650549772939211245
1650549773407981489
1650549773876719288
1650549774345463663
1650549774814330278
1650549775282978767
1650549775751726237
1650549776220488134
1650549776689219366
1650549777157998080
1650549777626774425
1650549778095473067
1650549778564219284
1650549779032984761
1650549779501715962
1650549779970485848
1650549780439236847
1650549780907979662
1650549781376714200
1650549781845475090
1650549782314228760
1650549782782973245
1650549783251727083
1650549783720467348
1650549784189211559
1650549784657976826
1650549785126728482
1650549785595472770
1650549786064262076
1650549786532981126
1650549787001731712
1650549787470489578
1650549787939226963
1650549788408023978
1650549788876728884
1650549789345471698
1650549789814245346
1650549790282986180
1650549790751730238
1650549791220517296
1650549791689264356
1650549792157975583
1650549792626724867
1650549793095462929
1650549793564293640
1650549794033007445
1650549794501727548
1650549794970477688
1650549795439243274
1650549795907971842
1650549796376723800
1650549796845487667
1650549797314219257
1650549797782983199
1650549798251731364
1650549798720475568
1650549799189211439
1650549799657979275
1650549800126727481
1650549800595483763
1650549801064229526
1650549801532972810
1650549802001732872
1650549802470479343
1650549802939232314
1650549803408035768
1650549803876729149
1650549804345477124
1650549804814245617
1650549805282989205
1650549805751733219
1650549806220477993
1650549806689217195
1650549807157976360
1650549807626738304
1650549808095472582
1650549808564236269
1650549809032977474
1650549809501723997
1650549809970462815
1650549810439212710
1650549810907981734
1650549811376722612
1650549811845474712
1650549812314237295
1650549812782981009
1650549813251728723
1650549813720479457
1650549814189252729
1650549814657973317
1650549815126727516
1650549815595461495
1650549816064232344
1650549816533010140
1650549817001728584
1650549817470491862
1650549817939224568
1650549818407986941
1650549818876711111
1650549819345473226
1650549819814233102
1650549820282983664
1650549820751729726
1650549821220475568
1650549821689224577
1650549822157962123
1650549822626715412
1650549823095461775
1650549823564217085
1650549824032966931
1650549824501735964
1650549824970479905
1650549825439227348
1650549825907977106
1650549826376726050
1650549826845475939
1650549827314232922
1650549827782983535
1650549828251728576
1650549828720479413
1650549829189225548
1650549829657981276
1650549830126772912
1650549830595475846
1650549831064246799
1650549831532981790
1650549832001736819
1650549832470468979
1650549832939237306
1650549833407974356
1650549833876714037
1650549834345475996
1650549834814227790
1650549835282975918
1650549835751728954
1650549836220477713
1650549836689233788
1650549837157977345
1650549837626728848
1650549838095643998
1650549838564237504
1650549839032980083
1650549839501737923
1650549839970472097
1650549840439212179
1650549840907981354
1650549841376724216
1650549841845478764
1650549842314297868
1650549842782983973
1650549843251717746
1650549843720479760
1650549844189223645
1650549844657972550
1650549845126726493
1650549845595480529
1650549846064293917
1650549846533023271
1650549847001716939
1650549847470496016
1650549847939213242
1650549848407981247
1650549848876730492
1650549849345508999
1650549849814267913
1650549850282971699
1650549850751715467
1650549851223728358
1650549851689219432
1650549852157982443
1650549852626721548
1650549853095461413
1650549853564235890
1650549854032983404
1650549854501729957
1650549854970476622
1650549855439296972
1650549855907978972
1650549856376714399
1650549856845478382
1650549857314231292
1650549857782977962
1650549858251727744
1650549858720479971
1650549859189226847
1650549859657971650
1650549860126721194
1650549860595463462
1650549861064230360
1650549861532987259
1650549862001738455
1650549862470479171
1650549862939225090
1650549863407995215
1650549863876709618
1650549864345473985
1650549864814249612
1650549865282984796
1650549865751741924
1650549866220486924
1650549866689227833
1650549867157974427
1650549867626728022
1650549868095476229
1650549868564254844
1650549869032990405
1650549869501723541
1650549869970486991
1650549870439223907
1650549870908028655
1650549871376719109
1650549871845460082
1650549872314241760
1650549872782982994
1650549873251722729
1650549873720475872
1650549874189265330
1650549874658083715
1650549875126730768
1650549875595479619
1650549876064247913
1650549876532992802
1650549877001729988
1650549877470486045
1650549877939223344
1650549878407973106
1650549878876713184
1650549879345480430
1650549879814218917
1650549880282973849
1650549880751726301
1650549881220474994
1650549881689225984
1650549882157971290
1650549882626727727
1650549883095473608
1650549883564228676
1650549884032977855
