1650401330386834179
1650401330621187344
1650401330855573157
1650401331089947933
1650401331324317672
1650401331558773059
1650401331793069631
1650401332027448722
1650401332261823646
1650401332496199995
1650401332730562938
1650401332964942380
1650401333199349896
1650401333433695301
1650401333668072540
1650401333902427019
1650401334136801813
1650401334371205773
1650401334605563493
1650401334839938213
1650401335074327729
1650401335308688078
1650401335543074279
1650401335777444276
1650401336011816570
1650401336246183956
1650401336480548749
1650401336714931024
1650401336949309280
1650401337183688536
1650401337418051959
1650401337652434493
1650401337886809583
1650401338121189616
1650401338355564835
1650401338589938406
1650401338824312940
1650401339058679733
1650401339293054711
1650401339527421040
1650401339761815759
1650401339996182756
1650401340230567474
1650401340464944952
1650401340699322911
1650401340933693148
1650401341168065126
1650401341402439677
1650401341636814451
1650401341871204669
1650401342105558425
1650401342339920976
1650401342574295194
1650401342808712764
1650401343043061704
1650401343277449237
1650401343511817936
1650401343746204617
1650401343980550928
1650401344214944830
1650401344449498714
1650401344683723618
1650401344918106502
1650401345152449997
1650401345386815196
1650401345621186025
1650401345855579242
1650401346089941978
1650401346324323381
1650401346558682691
1650401346793049982
1650401347027433385
1650401347261811250
1650401347496173245
1650401347730551592
1650401347964939401
1650401348199312359
1650401348433683520
1650401348668059756
1650401348902422306
1650401349136802949
1650401349371178406
1650401349605561697
1650401349839976247
1650401350074316945
1650401350308690884
1650401350543053471
1650401350777441206
1650401351011801348
1650401351246176861
1650401351480551818
1650401351714943404
1650401351949380528
1650401352183713689
1650401352418082405
1650401352652440343
1650401352886816282
1650401353121194442
1650401353355568214
1650401353590007855
1650401353824393867
1650401354058733046
1650401354293057022
1650401354527442923
1650401354761798527
1650401354996204336
1650401355230571773
1650401355464968044
1650401355699336982
1650401355933687809
1650401356168053247
1650401356402447406
1650401356636830085
1650401356871186337
1650401357105579108
1650401357339943212
1650401357574314372
1650401357808697865
1650401358043057969
1650401358277437091
1650401358511913824
1650401358746193484
1650401358980572662
1650401359214965729
1650401359449367962
1650401359683699640
1650401359918085373
1650401360152451958
1650401360386811691
1650401360621194813
1650401360855559121
1650401361090865070
1650401361324300605
1650401361558680042
1650401361793068960
1650401362027451860
1650401362261810852
1650401362496209603
1650401362730569076
1650401362964988661
1650401363199341782
1650401363433698515
1650401363668082525
1650401363902438703
1650401364136830157
1650401364371187945
1650401364605585159
1650401364839941762
1650401365074316883
1650401365308692930
1650401365543060663
1650401365777435969
1650401366011813979
1650401366246185322
1650401366480571480
1650401366714967915
1650401366949378629
1650401367184055896
1650401367418062111
1650401367652491787
1650401367886823890
1650401368121187251
1650401368355575650
1650401368589972826
1650401368824313261
1650401369058690845
1650401369293083317
1650401369527447919
1650401369761833373
1650401369996218160
1650401370230558724
1650401370464945326
1650401370699346983
1650401370933679955
1650401371168064650
1650401371402427640
1650401371636809001
1650401371871180806
1650401372105550352
1650401372339929787
1650401372574350295
1650401372808686063
1650401373043079424
1650401373277451747
1650401373511811941
1650401373746214098
1650401373980572477
1650401374214955855
1650401374449335216
1650401374683716983
1650401374918063714
1650401375152441704
1650401375386831656
1650401375621220053
1650401375855562654
1650401376089937107
1650401376324311930
1650401376558699197
1650401376793059279
1650401377027442176
1650401377261843776
1650401377499037895
1650401377730569015
1650401377965035559
1650401378199340160
1650401378433691519
1650401378668064194
1650401378902461405
1650401379136800339
1650401379371198383
1650401379605550317
1650401379839948343
1650401380074299091
1650401380308692950
1650401380543047847
1650401380777440391
1650401381011814046
1650401381246208516
1650401381483818187
1650401381714951234
1650401381949353204
1650401382183696230
1650401382418078052
1650401382652444189
1650401382886814474
1650401383121183369
1650401383355564006
1650401383589933216
1650401383824316186
1650401384058676026
1650401384293067107
1650401384527442188
1650401384761814306
1650401384996185479
1650401385230551078
1650401385464953251
1650401385699341480
1650401385933706301
1650401386168069548
1650401386402444462
1650401386636814968
1650401386871217271
1650401387105599907
1650401387339938802
1650401387574312716
1650401387808697407
1650401388043048376
1650401388277441586
1650401388511798333
1650401388746182672
1650401388980573215
1650401389214960424
1650401389449356263
1650401389683712177
1650401389918063294
1650401390152438226
1650401390386819861
1650401390621187644
1650401390855554835
1650401391089946304
1650401391324326513
1650401391558694185
1650401391793084876
1650401392027452696
1650401392261807016
1650401392496208688
1650401392730566138
1650401392964956143
1650401393199375389
1650401393433783413
1650401393668052492
1650401393902436461
1650401394136815447
1650401394371199619
1650401394605565994
1650401394839940184
1650401395074320060
1650401395308737972
1650401395543075514
1650401395777436334
1650401396011812227
1650401396246202343
1650401396480566126
1650401396714975186
1650401396949347801
1650401397183707417
1650401397418057403
1650401397652437167
1650401397886836727
1650401398121186472
1650401398355572829
1650401398589940648
1650401398824325374
1650401399058873415
1650401399293069679
1650401399527443387
1650401399761803929
1650401399996191655
1650401400230578196
1650401400464972922
1650401400699376167
1650401400933688171
1650401401168070527
1650401401402695066
1650401401636823683
1650401401871205446
1650401402105557931
1650401402339941157
1650401402574337902
1650401402808708054
1650401403043064187
1650401403277436080
1650401403511817805
1650401403746179902
1650401403980559905
1650401404214956760
1650401404449357338
1650401404683694730
1650401404918070104
1650401405152437589
1650401405386824166
1650401405621282243
1650401405855557506
1650401406089932843
1650401406324357920
1650401406558697497
1650401406793076241
1650401407027432244
1650401407261839358
1650401407496183306
1650401407730564086
1650401407964958256
1650401408199341999
1650401408433692187
1650401408668061838
1650401408902440582
1650401409136853029
1650401409371198569
1650401409605567886
1650401409839938111
1650401410074319114
1650401410308707690
1650401410543071526
1650401410777444769
1650401411011809013
1650401411246181867
1650401411480596702
1650401411714955408
1650401411949383910
1650401412183688228
1650401412418066119
1650401412653051210
1650401412886847308
1650401413121188459
1650401413355575405
1650401413589937241
1650401413824317539
1650401414058717393
1650401414293159505
1650401414527437267
1650401414761797028
1650401414996198808
1650401415230570421
1650401415464975034
1650401415699330832
1650401415933696408
1650401416168063965
1650401416402443633
1650401416636835986
1650401416871193636
1650401417105568342
1650401417339942361
1650401417574323289
1650401417808700494
1650401418043098366
1650401418277437645
1650401418511809535
1650401418746204629
1650401418980557649
1650401419214986890
1650401419449340558
1650401419683700930
1650401419918072302
1650401420152469062
1650401420386826581
1650401420621192805
1650401420855642842
1650401421089948418
1650401421324314437
1650401421558695845
1650401421793060124
1650401422027455458
1650401422261825422
1650401422496184330
1650401422730602312
1650401422964955887
1650401423199341832
1650401423433701833
1650401423668097759
1650401423902423982
1650401424136803520
1650401424371174261
1650401424605578687
1650401424839938428
1650401425074314299
1650401425308708058
1650401425543062225
1650401425777437078
1650401426011812226
1650401426246190096
1650401426480571393
1650401426714966152
1650401426949368004
1650401427183693782
1650401427418060578
1650401427652453689
1650401427886816060
1650401428121186875
1650401428355572245
1650401428589940059
1650401428824301133
1650401429058691078
1650401429293047559
1650401429527462225
1650401429761817577
1650401429996202428
1650401430230568817
1650401430464942094
1650401430699327075
1650401430933704593
1650401431168089982
1650401431402448907
1650401431636830369
1650401431871187980
1650401432105560942
1650401432339939145
1650401432574315034
1650401432808702496
1650401433043071051
1650401433277449790
1650401433511828493
1650401433746184937
1650401433980576214
1650401434214956213
1650401434449369860
1650401434683677526
1650401434918067895
1650401435152435913
1650401435386831374
1650401435621183727
1650401435855565891
1650401436089946407
1650401436324309340
1650401436558693310
1650401436793066058
1650401437027449288
1650401437261809473
1650401437496193509
1650401437730569156
1650401437964945655
1650401438199331200
1650401438433686062
1650401438668074849
1650401438902446969
1650401439136825429
1650401439371192301
1650401439605561951
1650401439839931138
1650401440074316826
1650401440308706745
1650401440543070424
1650401440777422955
1650401441011809763
1650401441246214265
1650401441480666044
1650401441714934866
1650401441949337795
1650401442183680270
1650401442418064505
1650401442652450389
1650401442886815219
1650401443121201718
1650401443355569558
1650401443589937675
1650401443824297570
1650401444058682281
1650401444293074185
1650401444527438979
1650401444761810514
1650401444996187604
1650401445230594573
1650401445464963266
1650401445699335163
1650401445933693208
1650401446168067612
1650401446402449537
1650401446636823000
1650401446871188648
1650401447105587724
1650401447339937513
1650401447574306856
1650401447808697365
1650401448043065617
1650401448277455822
1650401448511814231
1650401448746203862
1650401448980562938
1650401449214959910
1650401449449363569
1650401449683722508
1650401449918077946
1650401450152442241
1650401450386822578
1650401450621193804
1650401450855568511
1650401451089940758
1650401451324321216
1650401451558692137
1650401451793061854
1650401452027444331
1650401452261821817
1650401452496239099
1650401452730577827
1650401452964974332
1650401453199338197
1650401453433694398
1650401453668078117
1650401453902437799
1650401454136818338
1650401454371182141
1650401454605572296
1650401454839942562
1650401455074318127
1650401455308682237
1650401455543060642
1650401455777448881
1650401456011824250
1650401456246190777
1650401456480583285
1650401456714982181
1650401456949405836
1650401457183689299
1650401457418064095
1650401457652446336
1650401457886799114
1650401458121174693
1650401458355554888
1650401458589940657
1650401458824326203
1650401459058694289
1650401459293064846
1650401459527437718
1650401459761811016
1650401459996204073
1650401460230568657
1650401460464947984
1650401460699380012
1650401460933692396
1650401461168134337
1650401461402451638
1650401461636826937
1650401461871185904
1650401462105556429
1650401462340088844
1650401462574316899
1650401462808704874
1650401463043057166
1650401463277464614
1650401463511811786
1650401463746192160
1650401463980583719
1650401464214942140
1650401464449329302
1650401464683686502
1650401464918063646
1650401465152427092
1650401465386803153
1650401465621191269
1650401465855567293
1650401466089940802
1650401466324319521
1650401466558714592
1650401466793063404
1650401467027435124
1650401467261814649
1650401467496205785
1650401467730576995
1650401467964959280
1650401468199324239
1650401468433746643
1650401468668062624
1650401468902445955
1650401469136838384
1650401469371187318
1650401469605578252
1650401469839939501
1650401470074323733
1650401470308701399
1650401470543072268
1650401470777449452
1650401471011799360
1650401471246195016
1650401471480602709
1650401471714952552
1650401471949321024
1650401472183687781
1650401472418069077
1650401472652446633
1650401472886813726
1650401473121190897
1650401473355562944
1650401473589945861
1650401473824315593
1650401474058688012
1650401474293073513
1650401474527445347
1650401474761821719
1650401474996190738
1650401475230619987
1650401475464956481
1650401475699324640
1650401475933709891
1650401476168080316
1650401476402435577
1650401476636821245
1650401476871202729
1650401477105563809
1650401477339937987
1650401477574312943
1650401477808688288
1650401478043060208
1650401478277430600
1650401478511829676
1650401478746199623
1650401478980600958
1650401479214942303
1650401479449341000
1650401479683695698
1650401479918096154
1650401480152436747
1650401480386829676
1650401480621187902
1650401480855555664
1650401481089938319
1650401481324316794
1650401481558690085
1650401481793057876
1650401482027447222
1650401482261816041
1650401482496198601
1650401482730573938
1650401482964941516
1650401483199323694
1650401483433688634
1650401483668080387
1650401483902437383
1650401484136826531
1650401484371187665
1650401484605567466
1650401484839934026
1650401485074309218
1650401485308692658
1650401485543062709
1650401485777433019
1650401486011831125
1650401486246194890
1650401486480576672
1650401486714946103
1650401486949310238
1650401487183693824
1650401487418064542
1650401487652445593
1650401487886819922
1650401488121190534
1650401488355568261
1650401488589937452
1650401488824316698
1650401489058687279
1650401489293071812
1650401489527433939
1650401489761803565
1650401489996197023
1650401490230614897
1650401490465057623
1650401490699345168
1650401490933699304
1650401491168081483
1650401491402445924
1650401491636816976
1650401491871185306
1650401492105576417
1650401492339943238
1650401492574299911
1650401492808671695
1650401493043063757
1650401493277434161
1650401493511870101
1650401493746184136
1650401493980567707
1650401494214936360
1650401494449315551
1650401494683689613
1650401494918061545
1650401495152435297
1650401495386840015
1650401495621185124
1650401495855584361
1650401496089941010
1650401496324318034
1650401496558689559
1650401496793050677
1650401497027430054
1650401497261799347
1650401497496192640
1650401497730592969
1650401497964964818
1650401498199338767
1650401498433689089
1650401498668110723
1650401498902433879
1650401499136803446
1650401499371180721
1650401499605576069
1650401499839942751
1650401500074311306
1650401500308697294
1650401500543077466
1650401500777444639
1650401501011847404
1650401501246211475
1650401501480568380
1650401501714951043
1650401501949314411
1650401502183785985
1650401502418062494
1650401502652534683
1650401502886805858
1650401503121178961
1650401503355564365
1650401503589939047
1650401503824319044
1650401504058688598
1650401504293080011
1650401504527445517
1650401504761815097
1650401504996201991
1650401505230614523
1650401505464932891
1650401505699365534
1650401505933699291
1650401506168062665
1650401506402458447
1650401506636812824
1650401506871191348
1650401507105575357
1650401507339939501
1650401507574313868
1650401507808692660
1650401508043067158
1650401508277435719
1650401508511819964
1650401508746208210
1650401508980559808
1650401509214985431
1650401509449336539
1650401509683687165
1650401509918066160
1650401510152436829
1650401510386848443
1650401510621189171
1650401510855556454
1650401511089933110
1650401511324320753
1650401511558683860
1650401511793081910
1650401512027462147
1650401512261807263
1650401512496222304
1650401512730620567
1650401512964991682
1650401513199349639
1650401513433694042
1650401513668083925
1650401513902433272
1650401514136809643
1650401514371191294
1650401514605561317
1650401514839931543
1650401515074515765
1650401515308688932
1650401515543061908
1650401515777440495
1650401516011816026
1650401516246242417
1650401516480572254
1650401516715005571
1650401516949336020
1650401517188110976
1650401517418071783
1650401517652428110
1650401517886815492
1650401518121214101
1650401518355555437
1650401518589932532
1650401518824298369
1650401519058714335
1650401519293064384
1650401519527457024
1650401519761817684
1650401519996230658
1650401520230585752
1650401520464950550
1650401520699322274
1650401520933720127
1650401521168064673
1650401521402456239
1650401521636838360
1650401521871188538
1650401522105564997
1650401522339940350
1650401522574315221
1650401522808694463
1650401523043077335
1650401523277462937
1650401523511823873
1650401523746206642
1650401523980566652
1650401524214942318
1650401524449374612
1650401524683700336
1650401524918071669
1650401525152444138
1650401525386834665
1650401525621205044
1650401525855572757
1650401526089943954
1650401526324317823
1650401526558703711
1650401526793061563
1650401527027449062
1650401527261816718
1650401527496237077
1650401527730570067
1650401527964960019
1650401528199401106
1650401528433691014
1650401528668072345
1650401528902434066
1650401529136815772
1650401529371195019
1650401529605559323
1650401529839940922
1650401530074307357
1650401530308691724
1650401530543239346
1650401530777465181
1650401531011820363
1650401531246211276
1650401531480561579
1650401531714930103
1650401531949313997
1650401532183698305
1650401532418081079
1650401532652460334
1650401532886814885
1650401533121175312
1650401533355572760
1650401533589974041
1650401533824327102
1650401534058693127
1650401534293072862
1650401534527440524
1650401534761822222
1650401534996200420
1650401535230566367
1650401535464940722
1650401535699347651
1650401535933742320
1650401536168062553
1650401536402438546
1650401536636813724
1650401536871185144
1650401537105570770
1650401537339928846
1650401537574302589
1650401537808687924
1650401538043049816
1650401538277424104
1650401538511814429
1650401538746222401
1650401538980565024
1650401539214930505
1650401539449368337
1650401539683729190
1650401539918054395
1650401540152428901
1650401540386828835
1650401540621178974
1650401540855554076
1650401541090007289
1650401541324342400
1650401541558694604
1650401541793063233
1650401542027423936
1650401542261831702
1650401542496208006
1650401542730575958
1650401542964951169
1650401543199311536
1650401543433675626
1650401543668077863
1650401543902425491
1650401544136826122
1650401544371172240
1650401544605571338
1650401544839934400
1650401545074315519
1650401545308742698
1650401545543066122
1650401545777433951
1650401546011894148
1650401546246203562
1650401546480630676
1650401546714971236
1650401546949377814
1650401547183689197
1650401547418061950
1650401547652442500
1650401547886813827
1650401548121195585
1650401548355560754
1650401548589924368
1650401548824301352
1650401549058712022
1650401549293070033
1650401549527441896
1650401549761838666
1650401549996183067
1650401550230553938
1650401550464929216
1650401550699320791
1650401550934005116
1650401551168129278
1650401551402432807
1650401551636805742
1650401551871178270
1650401552105567745
1650401552339926800
1650401552574308281
1650401552808687205
1650401553043073946
1650401553277457342
1650401553511816090
1650401553746191912
1650401553980555365
1650401554214940046
1650401554449371374
1650401554683746038
1650401554918060222
1650401555152433354
1650401555386808748
1650401555621196457
1650401555855567351
1650401556089953859
1650401556324319743
1650401556558685813
1650401556793064363
1650401557027428100
1650401557261820455
1650401557496210050
1650401557730568943
1650401557964930280
1650401558199320568
1650401558433692987
1650401558668067350
1650401558902428547
1650401559136816304
1650401559371223471
1650401559605561844
1650401559839933753
1650401560074322237
1650401560308673618
1650401560543062182
1650401560777443062
1650401561011809905
1650401561246201200
1650401561480579811
1650401561714930440
1650401561949336550
1650401562183680648
1650401562418081303
1650401562652508050
1650401562886812874
1650401563121177330
1650401563355561438
1650401563589946583
1650401563824322580
1650401564058694764
1650401564293070843
1650401564527439830
1650401564761820186
1650401564996209728
1650401565230571908
1650401565464961143
1650401565699314898
1650401565933692226
1650401566168087892
1650401566402429396
1650401566636805806
1650401566871185235
1650401567105567389
1650401567340019676
1650401567574300708
1650401567808678496
1650401568043048749
1650401568277454286
1650401568511801621
1650401568746195213
1650401568980568066
1650401569214945981
1650401569449329934
1650401569683728423
1650401569918072969
1650401570152443483
1650401570386817852
1650401570621181072
1650401570855561996
1650401571089930516
1650401571324297800
1650401571558700527
1650401571793075293
1650401572027449485
1650401572261806277
1650401572496194050
1650401572730557806
1650401572964968819
1650401573199390653
1650401573433676826
1650401573668064255
1650401573902455758
1650401574136881728
1650401574371180464
1650401574605565734
1650401574839948672
1650401575074300908
1650401575308681094
1650401575543052892
1650401575777457800
1650401576011846152
1650401576246197792
1650401576480556394
1650401576714929106
1650401576949370095
1650401577183682575
1650401577418065962
1650401577652446664
1650401577886812329
1650401578121183646
1650401578355561986
1650401578589927585
1650401578824317017
1650401579058702451
1650401579293075632
1650401579527456757
1650401579761824346
1650401579996258858
1650401580230568937
1650401580464939108
1650401580699329130
1650401580933685356
1650401581168055773
1650401581402425784
1650401581636814073
1650401581871177048
1650401582105567673
1650401582339922990
1650401582574320009
1650401582808677473
1650401583043064363
1650401583277475371
1650401583511842825
1650401583746203704
1650401583980559676
1650401584214942136
1650401584449319412
1650401584683675133
1650401584918085352
1650401585152441837
1650401585386802417
1650401585621193422
1650401585855559706
1650401586089939215
1650401586324322191
1650401586558686705
1650401586793056015
1650401587027458492
1650401587261805440
1650401587496254607
1650401587730556409
1650401587964926356
1650401588199357808
1650401588433691487
1650401588668071442
1650401588902445267
1650401589136816393
1650401589371194764
1650401589605551616
1650401589839934893
1650401590074305173
1650401590308683162
1650401590543065392
1650401590777451918
1650401591011816556
1650401591246181256
1650401591480561716
1650401591714937620
1650401591949347098
1650401592183694768
1650401592418066032
1650401592652459739
1650401592886805689
1650401593121176142
1650401593355552617
1650401593589937240
1650401593824326771
1650401594058696877
1650401594293063286
1650401594527438066
1650401594761883806
1650401594996202253
1650401595230560762
1650401595464948790
1650401595699317262
1650401595933705919
1650401596168071082
1650401596402455191
1650401596636806190
1650401596871194854
1650401597105554078
1650401597339943732
1650401597574309738
1650401597808691466
1650401598043062491
1650401598277445745
1650401598511883479
1650401598746184828
1650401598980549712
1650401599214927880
1650401599449352678
1650401599683697163
1650401599918065962
1650401600152447506
1650401600386823997
1650401600621185415
1650401600855574592
1650401601089945642
1650401601324325789
1650401601558688326
1650401601793073547
1650401602027440936
1650401602261814572
1650401602496244411
1650401602730576196
1650401602964931611
1650401603199305680
1650401603433710582
1650401603668073448
1650401603902440741
1650401604136842407
1650401604371187040
1650401604605560414
1650401604839940454
1650401605074319015
1650401605308688100
1650401605543065592
1650401605777454399
1650401606011817614
1650401606246237594
1650401606480567929
1650401606714936355
1650401606949371297
1650401607183684897
1650401607418066182
1650401607652436893
1650401607886818493
1650401608121191300
1650401608355571722
1650401608589933367
1650401608824377120
1650401609058682379
1650401609293066827
1650401609527464516
1650401609761818149
1650401609996175913
1650401610230549646
1650401610464928231
1650401610699342982
1650401610933692216
1650401611168070880
1650401611402431640
1650401611636805714
1650401611871179733
1650401612105573717
1650401612339951206
1650401612574309325
1650401612808678221
1650401613043058359
1650401613277442726
1650401613511804574
1650401613746198681
1650401613980558808
1650401614215062807
1650401614449342147
1650401614683699781
1650401614918066599
1650401615152441385
1650401615386809823
1650401615621176130
1650401615855558567
1650401616089944655
1650401616324321877
1650401616558703247
1650401616793068969
1650401617027448081
1650401617261819236
1650401617496195947
1650401617730569343
1650401617964932888
1650401618199353437
1650401618433706341
1650401618668086208
1650401618902422760
1650401619136816964
1650401619371190560
1650401619605583840
1650401619839943455
1650401620074324961
1650401620308679175
1650401620543071278
1650401620777451511
1650401621011822985
1650401621246177948
1650401621480601280
1650401621714943206
1650401621949336464
1650401622183679896
1650401622418087809
1650401622652452631
1650401622886814379
1650401623121199148
1650401623355578125
1650401623589951787
1650401623824326023
1650401624058685132
1650401624293065153
1650401624527530413
1650401624761811844
1650401624996181643
1650401625230566874
1650401625464954439
1650401625699332283
1650401625933689756
1650401626168085085
1650401626402428918
1650401626636800880
1650401626871211840
1650401627105569213
1650401627339924182
1650401627574329206
1650401627808690860
1650401628043067311
1650401628277435954
1650401628511811319
1650401628746196517
1650401628980547549
1650401629214943605
1650401629449326643
1650401629683682664
1650401629918055110
1650401630152443338
1650401630386815403
1650401630621191504
1650401630855566994
1650401631089932488
1650401631324307355
1650401631558700204
1650401631793069461
1650401632027451552
1650401632261817464
1650401632496199931
1650401632730555973
1650401632964964996
1650401633199319766
1650401633433698611
1650401633668066197
1650401633902450690
1650401634136821779
1650401634371175002
1650401634605569798
1650401634839959372
1650401635074323616
1650401635308746677
1650401635543061094
1650401635777453397
1650401636011829367
1650401636246190641
1650401636480566878
1650401636714930374
1650401636949375313
1650401637183697667
1650401637418067615
1650401637652435544
1650401637886803010
1650401638121186294
1650401638355609562
1650401638589942832
1650401638824313046
1650401639058693465
1650401639293060594
1650401639527461480
1650401639761812331
1650401639996186441
1650401640230553483
1650401640464955822
1650401640699324809
1650401640933686518
1650401641168054640
1650401641402477596
1650401641636815887
1650401641871196918
1650401642105586341
1650401642339936009
1650401642579360810
1650401642808680159
1650401643043060772
1650401643277461409
1650401643511826584
1650401643746172908
1650401643980552045
1650401644219402967
1650401644449335703
1650401644683683645
1650401644918053956
1650401645152426383
1650401645386816516
1650401645621187316
1650401645855580244
1650401646089937214
1650401646324324798
1650401646558687420
1650401646793056726
1650401647027450570
1650401647261888660
1650401647496212808
1650401647730553474
1650401647964928010
1650401648199327440
1650401648433729723
1650401648668065137
1650401648902497252
1650401649136822041
1650401649371184442
1650401649605551603
1650401649839925857
1650401650074397776
1650401650308684668
1650401650543078465
1650401650777468688
1650401651011825171
1650401651246181790
1650401651480561705
1650401651714958675
1650401651949328831
1650401652183684400
1650401652418061470
1650401652652452688
1650401652886801426
1650401653121184870
1650401653355568132
1650401653589942690
1650401653824307323
1650401654058698512
1650401654293062263
1650401654527455809
1650401654761853115
1650401654996215681
1650401655230564735
1650401655464947473
1650401655699316897
1650401655933697544
1650401656168093527
1650401656402451551
1650401656636819575
1650401656871203394
1650401657105566865
1650401657339936136
1650401657574314926
1650401657808688382
1650401658043073746
1650401658277466412
1650401658511854634
1650401658746192061
1650401658980635374
1650401659214928326
1650401659449334906
1650401659683686321
1650401659919343500
1650401660152494708
1650401660386815500
1650401660621186254
1650401660855547509
1650401661089931913
1650401661324309045
1650401661558705046
1650401661793061122
1650401662027440791
1650401662261832058
1650401662496181863
1650401662730545391
1650401662964933695
1650401663199297820
1650401663433682020
1650401663668070720
1650401663902438810
1650401664136813551
1650401664371181943
1650401664605561224
1650401664839943375
1650401665074312325
1650401665308704390
1650401665543086585
1650401665777444281
1650401666016962463
1650401666246193474
1650401666480559065
1650401666715050986
1650401666949328339
1650401667183685898
1650401667418062125
1650401667652436259
1650401667886817041
1650401668121179105
1650401668355586431
1650401668589982571
1650401668824331176
1650401669058677412
1650401669293062781
1650401669527442707
1650401669761840687
1650401669996197169
1650401670230605063
1650401670464937588
1650401670699300669
1650401670933702471
1650401671168059722
1650401671402428272
1650401671636820451
1650401671871185390
1650401672105573109
1650401672339935684
1650401672574336129
1650401672808681631
1650401673043078391
1650401673277436084
1650401673511822499
1650401673746203728
1650401673980551255
1650401674214937879
1650401674449319948
1650401674683701351
1650401674918054865
1650401675152443550
1650401675386801608
1650401675621185091
1650401675855564630
1650401676089936542
1650401676324321421
1650401676558692725
1650401676793108640
1650401677027479687
1650401677261808258
1650401677496204217
1650401677730565788
1650401677964948896
1650401678199338249
1650401678433706438
1650401678668054571
1650401678902445907
1650401679136815173
1650401679371190757
1650401679605582377
1650401679839934721
1650401680074308214
1650401680308706044
1650401680543070208
1650401680777435077
1650401681011804556
1650401681246199319
1650401681480560730
1650401681714944975
1650401681949344108
1650401682183705414
1650401682418117016
1650401682652449953
1650401682886816723
1650401683121191440
1650401683355574679
1650401683589938808
1650401683824325843
1650401684058684621
1650401684293072551
1650401684527438223
1650401684761825820
1650401684996179215
1650401685230567077
1650401685464931385
1650401685699346470
1650401685933690611
1650401686168069127
1650401686402445163
1650401686636814496
1650401686871195328
1650401687105562330
1650401687339925966
1650401687574309304
1650401687808725642
1650401688043075927
1650401688277451439
1650401688511808174
1650401688746190463
1650401688980561994
1650401689214938308
1650401689449326956
1650401689683690289
1650401689918069307
1650401690152428311
1650401690386825113
1650401690621193435
1650401690855580515
1650401691089933561
1650401691324303333
1650401691558717363
1650401691793084301
1650401692027462333
1650401692261844130
1650401692496180094
1650401692730556465
1650401692964931021
1650401693199321026
1650401693433674792
1650401693668074835
1650401693902433065
1650401694136808093
1650401694371215069
1650401694605656432
1650401694839935410
1650401695074318684
1650401695308688185
1650401695543070260
1650401695777452223
1650401696011810576
1650401696246182121
1650401696480564535
1650401696715022003
1650401696949333771
1650401697183683265
1650401697418053167
1650401697652422125
1650401697886796472
1650401698121195543
1650401698355567878
1650401698589939138
1650401698824315047
1650401699058718123
1650401699293088427
1650401699527447379
1650401699761816053
1650401699996194746
1650401700230600925
1650401700464942550
1650401700699325564
1650401700933690133
1650401701168065855
1650401701402440671
1650401701636816931
1650401701871190581
1650401702105569511
1650401702339939574
1650401702574312452
1650401702808736070
1650401703043091430
1650401703277449833
1650401703511828828
1650401703746196435
1650401703980565430
1650401704214944561
1650401704449323747
1650401704683691434
1650401704918063935
1650401705152441422
1650401705386815615
1650401705621191400
1650401705855564852
1650401706089943214
1650401706324313506
1650401706558694686
1650401706793086884
1650401707027448066
1650401707261819771
1650401707496194624
1650401707730564441
1650401707964939572
1650401708199357318
1650401708433690252
1650401708668068704
1650401708902442434
1650401709136811630
1650401709371186200
1650401709605561139
1650401709839934801
1650401710074309816
1650401710308706910
1650401710543080430
1650401710777449561
1650401711011814229
1650401711246190699
1650401711480562170
1650401711714939325
1650401711949369702
1650401712183695734
1650401712418067858
1650401712652439835
1650401712886815052
1650401713121186439
1650401713355563792
1650401713589937015
1650401713824313164
1650401714058708259
1650401714293074822
1650401714527441681
1650401714761817873
1650401714996188529
1650401715230559653
1650401715464940999
1650401715699320457
1650401715933687488
1650401716168056784
1650401716402437692
1650401716636812174
1650401716871185564
1650401717105560696
1650401717339941296
1650401717574316303
1650401717808713994
1650401718043076557
1650401718277441071
1650401718511818972
1650401718746199670
1650401718980570701
1650401719214945738
1650401719449384329
1650401719683695479
1650401719918066906
1650401720152438706
1650401720386818805
1650401720621189108
1650401720855597613
1650401721089946474
1650401721324320357
1650401721558712794
1650401721793079733
1650401722027446301
1650401722261818709
1650401722496200190
1650401722730567838
1650401722964945356
1650401723199332416
1650401723433686589
1650401723668067909
1650401723902438878
1650401724136817016
1650401724371191047
1650401724605565169
1650401724839938996
1650401725074315731
1650401725308714286
1650401725543066415
1650401725777443840
1650401726011817728
1650401726246199344
1650401726480561646
1650401726714939650
1650401726949336303
1650401727183690628
1650401727418068102
1650401727652440131
1650401727886816050
1650401728121189008
1650401728355563284
1650401728589943060
1650401728824313614
1650401729058720150
1650401729293064544
1650401729527438215
1650401729761818552
1650401729996193631
1650401730230560048
1650401730464934003
1650401730699310698
1650401730933685226
1650401731168061778
1650401731402434331
1650401731636805199
1650401731871188529
1650401732105566936
1650401732339935829
1650401732574315702
1650401732808704057
1650401733043068691
1650401733277440553
1650401733511811340
1650401733746190571
1650401733980568821
1650401734214941076
1650401734449320276
1650401734683686680
1650401734918066140
1650401735152438362
1650401735386813438
1650401735621187367
1650401735855564906
1650401736089937762
1650401736324314419
1650401736558723482
1650401736793072305
1650401737027450277
1650401737261824513
1650401737496191638
1650401737730696408
1650401737964942740
1650401738199333462
1650401738433691316
1650401738668066743
1650401738902444633
1650401739136818693
1650401739371192237
1650401739605567300
1650401739839939547
1650401740074316389
1650401740308799529
1650401740543075507
1650401740777443928
1650401741011822607
1650401741246190459
1650401741480610977
1650401741714945607
1650401741949318459
1650401742183689093
1650401742418066858
1650401742652438031
1650401742886821592
1650401743121189212
1650401743355564742
1650401743589939864
1650401743824316357
1650401744058826478
1650401744293077684
1650401744527444331
1650401744761821107
1650401744996188458
1650401745230564184
1650401745464941207
1650401745699344896
1650401745933687827
1650401746168071298
1650401746402439049
1650401746636812189
1650401746871187662
1650401747105563101
1650401747339941968
1650401747574321040
1650401747808785924
1650401748043079331
1650401748277441724
1650401748511814653
1650401748746190507
1650401748980567140
1650401749214944703
1650401749449366711
1650401749683690258
1650401749918067007
1650401750152441427
1650401750386814793
1650401750621224159
1650401750855570118
1650401751089938320
1650401751324328895
1650401751558721915
1650401751793082935
1650401752027450622
1650401752261815629
1650401752496192803
1650401752730566477
1650401752964944151
1650401753199315144
1650401753433689472
1650401753668067947
1650401753902439571
1650401754136816124
1650401754371186531
1650401754605564402
1650401754839943864
1650401755074326106
1650401755308724630
1650401755543075099
1650401755777441030
1650401756011815943
1650401756246190473
1650401756480561706
1650401756714940828
1650401756949320802
1650401757183687817
1650401757418063815
1650401757652435295
1650401757886811552
1650401758121187016
1650401758355561427
1650401758589942431
1650401758824371544
1650401759058758160
1650401759293074393
1650401759527448569
1650401759761824060
1650401759996195606
1650401760230566287
1650401760464939080
1650401760699347538
1650401760933690869
1650401761168069054
1650401761402441907
1650401761636812095
1650401761871189633
1650401762105566526
1650401762339938256
1650401762574350596
1650401762808772158
1650401763043067686
1650401763277450088
1650401763511817397
1650401763746192502
1650401763980570052
1650401764214942015
1650401764449354736
1650401764683693366
1650401764918064607
1650401765152438684
1650401765386813301
1650401765621185843
1650401765855564367
1650401766089938318
1650401766324419327
1650401766558714173
1650401766793081925
1650401767027444621
1650401767261818434
1650401767496189321
1650401767730564207
1650401767964941835
1650401768199328133
1650401768433688803
1650401768668070066
1650401768902442550
1650401769136816872
1650401769371191473
1650401769605564778
1650401769839941250
1650401770074326556
1650401770308719403
1650401770543071714
1650401770777442710
1650401771011817853
1650401771246235039
1650401771480562541
1650401771714946764
1650401771949365134
1650401772183689844
1650401772418066814
1650401772652439561
1650401772886815271
1650401773121191317
1650401773355564163
1650401773589938323
1650401773824318131
1650401774058706644
1650401774293076383
1650401774527440790
1650401774761813659
1650401774996187713
1650401775230562050
1650401775464942110
1650401775699341817
1650401775933686989
1650401776168063793
1650401776402438006
1650401776636812127
1650401776871185470
1650401777105560537
1650401777339936552
1650401777574324418
1650401777808714174
1650401778043071857
1650401778277438451
1650401778511814268
1650401778746189362
1650401778980557419
1650401779214939370
1650401779449369043
1650401779683690051
1650401779918071058
1650401780152441161
1650401780386842710
1650401780621191797
1650401780855565013
1650401781089934954
1650401781324325916
1650401781558699026
1650401781793084006
1650401782027445118
1650401782261819141
1650401782496193182
1650401782730566094
1650401782964941932
1650401783199323293
1650401783433686284
1650401783668062017
1650401783902435138
1650401784136812595
1650401784371185536
1650401784605560588
1650401784839938862
1650401785074327157
1650401785308695418
1650401785543067457
1650401785777440496
1650401786011814276
1650401786246192209
1650401786480564531
1650401786714939297
1650401786949312842
1650401787183683964
1650401787418062365
1650401787652434878
1650401787886812613
1650401788121186479
1650401788355566682
1650401788589936774
1650401788824326606
1650401789058698848
1650401789293061297
1650401789527452542
1650401789761811176
1650401789996189514
1650401790230562357
1650401790464937070
1650401790699313154
1650401790933685700
1650401791168064658
1650401791402436784
1650401791636810355
1650401791871186370
1650401792105561146
1650401792339936629
1650401792574328538
1650401792808699113
1650401793043066635
1650401793277442641
1650401793511814204
1650401793746186396
1650401793980562680
1650401794214940340
1650401794449312908
1650401794683689179
1650401794918064154
1650401795152442373
1650401795386811631
1650401795621197166
1650401795855563758
1650401796089938517
1650401796324335965
1650401796558705895
1650401796793071547
1650401797027445144
1650401797261820746
1650401797496184903
1650401797730563856
1650401797964942236
1650401798199324582
1650401798433693004
1650401798668064314
1650401798902439792
1650401799136811105
1650401799371186995
1650401799605557292
1650401799839936107
1650401800074330720
1650401800308689597
1650401800543063492
1650401800777438201
1650401801011814670
1650401801246188811
1650401801480563359
1650401801714939629
1650401801949312381
1650401802183686267
1650401802418061264
1650401802652437058
1650401802886811204
1650401803121185130
1650401803355560966
1650401803589941932
1650401803824592336
1650401804058698142
1650401804293072538
1650401804527442509
1650401804761817517
1650401804996190155
1650401805230561297
1650401805464936069
1650401805699319526
1650401805933688132
1650401806168061815
1650401806402435926
1650401806636811629
1650401806871187462
1650401807105564834
1650401807339934301
1650401807574341805
1650401807808700310
1650401808043071538
1650401808277478195
1650401808511814557
1650401808746192900
1650401808980562706
1650401809214939553
1650401809449351493
1650401809683690508
1650401809918064671
1650401810152484151
1650401810386814468
1650401810621189543
1650401810855565378
1650401811089939492
1650401811324347182
1650401811558720651
1650401811793069084
1650401812027442794
1650401812261818454
1650401812496193372
1650401812730564754
1650401812964939950
1650401813199359779
1650401813433690593
1650401813668065257
1650401813902439292
1650401814136814941
1650401814371193313
1650401814605566816
1650401814839939745
1650401815074342730
1650401815308702182
1650401815543075282
1650401815777443401
1650401816011811817
1650401816246192755
1650401816480564620
1650401816714941854
1650401816949317015
1650401817183690458
1650401817418065383
1650401817652438585
1650401817886814751
1650401818121188993
1650401818355564868
1650401818589942261
1650401818824395652
1650401819058698918
1650401819293118518
1650401819527443399
1650401819761814926
1650401819996194787
1650401820230566134
1650401820464940018
1650401820699326865
1650401820933688565
1650401821168060545
1650401821402439286
1650401821636812101
1650401821871188268
1650401822105585807
1650401822339952127
1650401822574447186
1650401822808700101
1650401823043072033
1650401823277438247
1650401823511815072
1650401823746190286
1650401823980566277
1650401824214939070
1650401824449332344
1650401824683688840
1650401824918064244
1650401825152437522
1650401825386813616
1650401825621189358
1650401825855564730
1650401826089948603
1650401826324334424
1650401826558704338
1650401826793074863
1650401827027442592
1650401827261818121
1650401827496190170
1650401827730564662
1650401827964941303
1650401828199317262
1650401828433707445
1650401828668065480
1650401828902439959
1650401829136813163
1650401829371187795
1650401829605563167
1650401829839944059
1650401830074340043
1650401830308700791
1650401830543069743
1650401830777441213
1650401831011816276
1650401831246190844
1650401831480563374
1650401831714941164
1650401831949338268
1650401832183687729
1650401832418060042
1650401832652437022
1650401832886811983
1650401833121185799
1650401833355562987
1650401833589948879
1650401833824331752
1650401834058693108
1650401834293066857
1650401834527437402
1650401834761812169
1650401834996189473
1650401835230560578
1650401835464940517
1650401835699313900
1650401835933686357
1650401836168061225
1650401836402444687
1650401836636814630
1650401836871189944
1650401837105564982
1650401837339959115
1650401837574342211
1650401837808703400
1650401838043088997
1650401838277481190
1650401838511819292
1650401838746194949
1650401838980566717
1650401839214942914
1650401839449328520
1650401839683685367
1650401839918065640
1650401840152438970
1650401840386813229
1650401840621191877
1650401840855565876
1650401841089947674
1650401841324340696
1650401841558698571
1650401841793060687
1650401842027440747
1650401842261811848
1650401842496190024
1650401842730560237
1650401842964937227
1650401843199338795
1650401843433691864
1650401843668065989
1650401843902445651
1650401844136820686
1650401844371190686
1650401844605567519
1650401844839998703
1650401845074360056
1650401845308708876
1650401845543081677
1650401845777449256
1650401846011825834
1650401846246198584
1650401846480567205
1650401846714941936
1650401846949330557
1650401847183690995
1650401847418066917
1650401847652441783
1650401847886812371
1650401848121190146
1650401848355565331
1650401848589958572
1650401848824359312
1650401849058757146
1650401849293068541
1650401849527442768
1650401849761814606
1650401849996185759
1650401850230564101
1650401850464939537
1650401850699317139
1650401850933690037
1650401851168064531
1650401851402438582
1650401851636812485
1650401851871187388
1650401852105562367
1650401852340005625
1650401852574337349
1650401852808704812
1650401853043066313
1650401853277442021
1650401853511817285
1650401853746193327
1650401853980568443
1650401854214941711
1650401854449340035
1650401854683691064
1650401854918067110
1650401855152445326
1650401855386813229
1650401855621188743
1650401855855566461
1650401856089954494
1650401856324358087
1650401856558692051
1650401856793073032
1650401857027445292
1650401857261816741
1650401857496193375
1650401857730562973
1650401857964942126
1650401858199387762
1650401858433689458
1650401858668067393
1650401858902439847
1650401859136819377
1650401859371189299
1650401859605564350
1650401859839961622
1650401860074383340
1650401860308702989
1650401860543070619
1650401860777474304
1650401861011817341
1650401861246192790
1650401861480564054
1650401861714942262
1650401861949347433
1650401862183690293
1650401862418072691
1650401862652439737
1650401862886818561
1650401863121188053
1650401863355559715
1650401863589960117
1650401863824333890
1650401864058698108
1650401864293085293
1650401864527451089
1650401864761822440
1650401864996194662
1650401865230566648
1650401865464933541
1650401865699327600
1650401865933687845
1650401866168061074
1650401866402436768
1650401866636812684
1650401866871187471
1650401867105561555
1650401867339983586
1650401867574320433
1650401867808691928
1650401868043065441
1650401868277436515
1650401868511809681
1650401868746192235
1650401868980563938
1650401869214935608
1650401869449313185
1650401869683685411
1650401869918061729
1650401870152436199
1650401870386811447
1650401870621191752
1650401870855561260
1650401871089947714
1650401871324321486
1650401871558691239
1650401871793065844
1650401872027446301
1650401872261814448
1650401872496194872
1650401872730570926
1650401872964938851
1650401873199351130
1650401873433690449
1650401873668060341
1650401873902437066
1650401874136814015
1650401874371187504
1650401874605558586
1650401874839948037
1650401875074320787
1650401875308687280
1650401875543061422
1650401875777436434
1650401876011810445
1650401876246186906
1650401876480601329
1650401876714931994
1650401876949310584
1650401877183684271
1650401877418060458
1650401877652437108
1650401877886810240
1650401878121186244
1650401878355561121
1650401878589952905
1650401878824336319
1650401879058688827
1650401879293060338
1650401879527436941
1650401879761809712
1650401879996185389
1650401880230561441
1650401880464936753
1650401880699310620
1650401880933685413
1650401881168059969
1650401881402437525
1650401881636810934
1650401881871182769
1650401882105559235
1650401882339947925
1650401882574315431
1650401882808689473
1650401883043062461
1650401883277435638
1650401883511812907
1650401883746190380
1650401883980562779
1650401884214936496
1650401884449312733
1650401884683687432
1650401884918061039
1650401885152438148
1650401885386811204
1650401885621213556
1650401885855561149
1650401886089946928
1650401886324314044
1650401886558692048
1650401886793063775
1650401887027441706
1650401887261813529
1650401887496188964
1650401887730568195
1650401887964938481
1650401888199320660
1650401888433692525
1650401888668064631
1650401888902439070
1650401889136809752
1650401889371220121
1650401889605571268
1650401889839956600
1650401890074316712
1650401890308688308
1650401890543061941
1650401890777436777
1650401891011810892
1650401891246188714
1650401891480560888
1650401891714937914
1650401891949313848
1650401892183686414
1650401892418061833
1650401892652436456
1650401892886816134
1650401893121185722
1650401893355562812
1650401893589952087
1650401893824314289
1650401894058687806
1650401894293060882
1650401894527435199
1650401894761827070
1650401894996187110
1650401895230557134
1650401895464935510
1650401895699311350
1650401895933687560
1650401896168063680
1650401896402436560
1650401896636817571
1650401896871189711
1650401897105565112
1650401897339982181
1650401897574325992
1650401897808696803
1650401898043067578
1650401898277436690
1650401898511814893
1650401898746191394
1650401898980564376
1650401899214941898
1650401899449354846
1650401899683687111
1650401899918063004
1650401900152437104
1650401900386808965
1650401900621186344
1650401900855634870
1650401901089995269
1650401901324325746
1650401901558694629
1650401901793065476
1650401902027440822
1650401902261813747
1650401902496190431
1650401902730563281
1650401902964936947
1650401903199316930
1650401903433688711
1650401903668061714
1650401903902441050
1650401904136810555
1650401904371186025
1650401904605590828
1650401904839965761
1650401905074313973
1650401905308698355
1650401905543066329
1650401905777437581
1650401906011811722
1650401906246187774
1650401906480559919
1650401906714939824
1650401906949315061
1650401907183685561
1650401907418064673
1650401907652435841
1650401907886811787
1650401908121184475
1650401908355564721
1650401908589948467
1650401908824314324
1650401909058691608
1650401909293061765
1650401909527438478
1650401909761811451
1650401909996187182
1650401910230560103
1650401910464934801
1650401910699310685
1650401910933685236
1650401911168061437
1650401911402434862
1650401911636810287
1650401911871184138
1650401912105567991
1650401912339951846
1650401912574318886
1650401912808689297
1650401913043061449
1650401913277436308
1650401913511814223
1650401913746184045
1650401913980561978
1650401914214936304
1650401914449314778
1650401914683691364
1650401914918061320
1650401915152437797
1650401915386812868
1650401915621187032
1650401915855565454
1650401916089949212
1650401916324314935
1650401916558688603
1650401916793060771
1650401917027439476
1650401917261811370
1650401917496188042
1650401917730561325
1650401917964935201
1650401918199312357
1650401918433686311
1650401918668060080
1650401918902432459
1650401919136812508
1650401919371185910
1650401919605569812
1650401919839959696
1650401920074319933
1650401920308688617
1650401920543061708
1650401920777434985
1650401921011812354
1650401921246187450
1650401921480560675
1650401921714934604
1650401921949306348
1650401922183685594
1650401922418060268
1650401922652436793
1650401922886812652
1650401923121208068
1650401923355631449
1650401923589999015
1650401923824319601
1650401924058692521
1650401924293070591
1650401924527442440
1650401924761814103
1650401924996193729
1650401925230565378
1650401925464939156
1650401925699372711
1650401925933690731
1650401926168066308
1650401926402442054
1650401926636813132
1650401926871187544
1650401927105576661
1650401927339953448
1650401927574325364
1650401927808692502
1650401928043071696
1650401928277441302
1650401928511812814
1650401928746193697
1650401928980564247
1650401929214935300
1650401929449331464
1650401929683687037
1650401929918062276
1650401930152434443
1650401930386813963
1650401930621194354
1650401930855582522
1650401931090184836
1650401931324325347
1650401931558696612
1650401931793067488
1650401932027443087
1650401932261810301
1650401932496192237
1650401932730567673
1650401932964942442
1650401933199355862
1650401933433689173
1650401933668068187
1650401933902443552
1650401934136816291
1650401934371192549
1650401934605584085
1650401934839966640
1650401935074333752
1650401935308748884
1650401935543069259
1650401935777441947
1650401936011816765
1650401936246195180
1650401936480566539
1650401936714942009
1650401936949339183
1650401937183690416
1650401937418061075
1650401937652440623
1650401937886813042
1650401938121189499
1650401938355572514
1650401938589968343
1650401938824346192
1650401939058700745
1650401939293070357
1650401939527444339
1650401939761816673
1650401939996191951
1650401940230563325
1650401940464939607
1650401940699319908
1650401940933687690
1650401941168063605
1650401941402446872
1650401941636821343
1650401941871187111
1650401942105578102
1650401942339957392
1650401942574325830
1650401942808692231
1650401943043066837
1650401943277440445
1650401943511811924
1650401943746197088
1650401943980561753
1650401944214937513
1650401944449351569
1650401944683692145
1650401944918067498
1650401945152442002
1650401945386817044
1650401945621189827
1650401945855595628
1650401946089959746
1650401946324402828
1650401946558698228
1650401946793074255
1650401947027441802
1650401947261817611
1650401947496195791
1650401947730566452
1650401947964939391
1650401948199321296
1650401948433689979
1650401948668066941
1650401948902440383
1650401949136816402
1650401949371189182
1650401949605595461
1650401949839970130
1650401950074322004
1650401950308695288
1650401950543071831
1650401950777437078
1650401951011818232
1650401951246195538
1650401951480566288
1650401951714942631
1650401951949321678
1650401952183692283
1650401952418068093
1650401952652443162
1650401952886812806
1650401953121191340
1650401953355588727
1650401953590053817
1650401953824320095
1650401954058694965
1650401954293069727
1650401954527444119
1650401954761819585
1650401954996194643
1650401955230567316
1650401955464944230
1650401955699326588
1650401955933690743
1650401956168067103
1650401956402443410
1650401956636815531
1650401956871191393
1650401957105595220
1650401957339963363
1650401957574318267
1650401957808693355
1650401958043069129
1650401958277441832
1650401958511814738
1650401958746194645
1650401958980559052
1650401959214937110
1650401959449324779
1650401959683687653
1650401959918066397
1650401960152438087
1650401960386812464
1650401960621188082
1650401960855582348
1650401961089942338
1650401961324315515
1650401961558693544
1650401961793066129
1650401962027439214
1650401962261813191
1650401962496187409
1650401962730562923
1650401962964937567
1650401963199376657
1650401963433686102
1650401963668062694
1650401963902437861
1650401964136816547
1650401964371190532
1650401964605592386
1650401964839946390
1650401965074320468
1650401965308690901
1650401965543064093
1650401965777439063
1650401966011813348
1650401966246192896
1650401966480562018
1650401966714937769
1650401966949317428
1650401967183681108
1650401967418063418
1650401967652440470
1650401967886817410
1650401968121205315
1650401968355589055
1650401968589945870
1650401968824318795
1650401969058692092
1650401969293065687
1650401969527442524
1650401969761814990
1650401969996191512
1650401970230567259
1650401970464941044
1650401970699318180
1650401970933688595
1650401971168063956
1650401971402440596
1650401971636813255
1650401971871206321
1650401972105593147
1650401972339950218
1650401972574321843
1650401972808692709
1650401973043067131
1650401973277441668
1650401973511820519
1650401973746191148
1650401973980569814
1650401974214945539
1650401974449414559
1650401974683691619
1650401974918066492
1650401975152441183
1650401975386811690
1650401975621198381
1650401975855569147
1650401976089965007
1650401976324318073
1650401976558697879
1650401976793101704
1650401977027444530
1650401977261816729
1650401977496188706
1650401977730563961
1650401977964940253
1650401978199332621
1650401978433697954
1650401978668064619
1650401978902438600
1650401979136814119
1650401979371192122
1650401979605585884
1650401979839942331
1650401980074321187
1650401980308693693
1650401980543071625
1650401980777439317
1650401981011815138
1650401981246191277
1650401981480562935
1650401981714943778
1650401981949319270
1650401982183688042
1650401982418062611
1650401982652437198
1650401982886813786
1650401983121187746
1650401983355592244
1650401983589963909
1650401983824321334
1650401984058695685
1650401984293069354
1650401984527447337
1650401984761811951
1650401984996194453
1650401985230564532
1650401985464938371
1650401985699347765
1650401985933688994
1650401986168062946
1650401986402437233
1650401986636816539
1650401986871202011
1650401987105597392
1650401987339943498
1650401987574318751
1650401987808695986
1650401988043064870
1650401988277437349
1650401988511812681
1650401988746194604
1650401988980564473
1650401989214936326
1650401989449318197
1650401989683691328
1650401989918063089
1650401990152438426
1650401990386818246
1650401990621189251
1650401990855639625
1650401991089943317
1650401991324320418
1650401991558694131
1650401991793068361
1650401992027442870
1650401992261813604
1650401992496191876
1650401992730663201
1650401992964936085
1650401993199328174
1650401993433688671
1650401993668066075
1650401993902434221
1650401994136831089
1650401994371199923
1650401994605659960
1650401994839937925
1650401995074435406
1650401995308727430
1650401995543061453
1650401995777427457
1650401996011799720
1650401996246179339
1650401996480589957
1650401996714926650
1650401996949338342
1650401997183707316
1650401997418112289
1650401997652458930
1650401997886811608
1650401998121188084
1650401998355569635
1650401998589937798
1650401998824320683
1650401999058685347
1650401999293086105
1650401999527437420
1650401999761820493
1650401999996204474
1650402000230566143
1650402000464930313
1650402000699314872
1650402000933698819
1650402001168067491
1650402001402432368
1650402001636807282
1650402001871186899
1650402002105554592
1650402002339937009
1650402002574333130
1650402002808697010
1650402003043059577
1650402003277426423
1650402003511802048
1650402003746205561
1650402003980570315
1650402004214932165
1650402004449306996
1650402004683694568
1650402004918057511
1650402005152445808
1650402005386816180
1650402005621186071
1650402005855658126
1650402006089939964
1650402006324302136
1650402006558695215
1650402006793061109
1650402007027424411
1650402007261828623
1650402007496204224
1650402007730557381
1650402007964929149
1650402008199349048
1650402008433701227
1650402008668070832
1650402008902439066
1650402009139363888
1650402009371223169
1650402009605558296
1650402009839926237
1650402010074327383
1650402010308697846
1650402010543053847
1650402010777436273
1650402011011804199
1650402011246195851
1650402011480549207
1650402011714938432
1650402011949380138
1650402012183682387
1650402012418061857
1650402012652434901
1650402012886807278
1650402013121199453
1650402013355601167
1650402013589928030
1650402013824312688
1650402014058703884
1650402014293060454
1650402014527435542
1650402014761801760
1650402014996205810
1650402015230585012
1650402015464947474
1650402015699311213
1650402015933687712
1650402016168063195
1650402016402446400
1650402016636832754
1650402016871190034
1650402017105573371
1650402017339936654
1650402017574350899
1650402017808686072
1650402018043073133
1650402018277439420
1650402018511821817
1650402018746181567
1650402018980557854
1650402019214944161
1650402019449302878
1650402019683673093
1650402019918054235
1650402020152432249
1650402020386817153
1650402020621202872
1650402020855569277
1650402021089940682
1650402021324301664
1650402021558681387
1650402021793074572
1650402022027453202
1650402022261834687
1650402022496185968
1650402022730552491
1650402022964942568
1650402023199320408
1650402023433696211
1650402023668073125
1650402023902440817
1650402024136814307
1650402024371203188
1650402024605606457
1650402024839945930
1650402025074318979
1650402025308689770
1650402025543051247
1650402025777429686
1650402026011798440
1650402026246197642
1650402026480578770
1650402026714939953
1650402026949334748
1650402027183702156
1650402027418071695
1650402027652426771
1650402027886810828
1650402028121204923
1650402028355577835
1650402028589932415
1650402028824304494
1650402029058701814
1650402029293069600
1650402029527442312
1650402029761816875
1650402029996178643
1650402030230559376
1650402030464927332
1650402030699310843
1650402030933702558
1650402031168053369
1650402031402438272
1650402031636817139
1650402031871192487
1650402032105551762
1650402032339932576
1650402032574330668
1650402032808694853
1650402033043069278
1650402033277439559
1650402033511799599
1650402033746219823
1650402033980560363
1650402034214944943
1650402034449300745
1650402034683687677
1650402034918054091
1650402035152441913
1650402035386819163
1650402035621192320
1650402035855582440
1650402036089933933
1650402036324329833
1650402036558677772
1650402036793074210
1650402037027424464
1650402037261828053
1650402037496213624
1650402037730561937
1650402037964931026
1650402038199359877
1650402038433691860
1650402038668089712
1650402038902448175
1650402039136800881
1650402039371189088
1650402039605600388
1650402039839954799
1650402040074312600
1650402040308675237
1650402040543075687
1650402040777427102
1650402041011827756
1650402041246202803
1650402041480549369
1650402041714930713
1650402041949315834
1650402042189383418
1650402042418052267
1650402042652444446
1650402042886829256
1650402043121192030
1650402043355560102
1650402043589935322
1650402043825313710
1650402044058715984
1650402044293059782
1650402044527436765
1650402044761838543
1650402044999353455
1650402045230564882
1650402045464931294
1650402045699318761
1650402045933685802
1650402046168048568
1650402046402443890
1650402046636822453
1650402046871217960
1650402047105559284
1650402047339940498
1650402047574331693
1650402047808702519
1650402048043074585
1650402048277427414
1650402048511801317
1650402048746178627
1650402048980561122
1650402049214924287
1650402049449440820
1650402049683691320
1650402049918074448
1650402050152452374
1650402050386798543
1650402050621224673
1650402050855585471
1650402051089934659
1650402051324386700
1650402051558693280
1650402051793064895
1650402052027442808
1650402052261810834
1650402052496180768
1650402052730560868
1650402052964949839
1650402053199306757
1650402053433682064
1650402053668074426
1650402053902453067
1650402054136809654
1650402054371206093
1650402054605556515
1650402054839946492
1650402055074316581
1650402055308679672
1650402055543063171
1650402055777453558
1650402056011823964
1650402056246196577
1650402056480567857
1650402056714985210
1650402056949380507
1650402057183697753
1650402057418084628
1650402057652433689
1650402057886800564
1650402058121182571
1650402058355558449
1650402058589946012
1650402058824311520
1650402059058678547
1650402059297269304
1650402059527523457
1650402059761818043
1650402059996182092
1650402060230568828
1650402060464943768
1650402060699302634
1650402060933691611
1650402061168060109
1650402061402443663
1650402061636815884
1650402061871199030
1650402062105555531
1650402062339924940
1650402062574306108
1650402062808678129
1650402063043087445
1650402063277455283
1650402063511813770
1650402063746206256
1650402063980546409
1650402064214930806
1650402064449298073
1650402064683702895
1650402064918081199
1650402065152425858
1650402065386812554
1650402065621216249
1650402065855559779
1650402066089935291
1650402066324325176
1650402066558697541
1650402066793061370
1650402067027436514
1650402067261809550
1650402067496175493
1650402067730569454
1650402067964934638
1650402068199315602
1650402068433723288
1650402068668059216
1650402068902447773
1650402069136832999
1650402069371200929
1650402069605573064
1650402069839929124
1650402070074306037
1650402070308692804
1650402070543069330
1650402070777436430
1650402071011829030
1650402071246182226
1650402071480557792
1650402071714935581
1650402071949385831
1650402072183682475
1650402072418061359
1650402072652434372
1650402072886831978
1650402073121219030
1650402073355582473
1650402073589987582
1650402073824299711
1650402074058685691
1650402074293072933
1650402074527443749
1650402074761815231
1650402074996184121
1650402075230578644
1650402075464946074
1650402075699314449
1650402075933672323
1650402076168081144
1650402076402434503
1650402076636802918
1650402076871227665
1650402077105557711
1650402077339927277
1650402077574354045
1650402077808696297
1650402078043072548
1650402078277448135
1650402078511800908
1650402078746191217
1650402078985244933
1650402079214925580
1650402079449362336
1650402079683787795
1650402079918077554
1650402080152432683
1650402080386801998
1650402080621197536
1650402080855556185
1650402081089930631
1650402081324320004
1650402081558698397
1650402081793053919
1650402082027452608
1650402082261812503
1650402082496218157
1650402082730557905
1650402082964925245
1650402083199307532
1650402083433689337
1650402083669344993
1650402083902435764
1650402084136821756
1650402084371220268
1650402084605569040
1650402084839951645
1650402085074321343
1650402085308693840
1650402085543074985
1650402085777437000
1650402086011822830
1650402086246190497
1650402086480560867
1650402086714993996
1650402086949345440
1650402087183691924
1650402087418052186
1650402087652442911
1650402087886810988
1650402088121198140
1650402088355566886
1650402088589927966
1650402088824305212
1650402089058693551
1650402089293075912
1650402089527427772
1650402089761813188
1650402089996216807
1650402090230569189
1650402090464937608
1650402090699309953
1650402090933697353
1650402091168053737
1650402091402452233
1650402091636827395
1650402091871211113
1650402092105583184
1650402092339950535
1650402092574315089
1650402092808688236
1650402093043065105
1650402093277438496
1650402093511850016
1650402093746180462
1650402093980575204
1650402094214945023
1650402094449350231
1650402094683715939
1650402094918065592
1650402095152444006
1650402095386808736
1650402095621202095
1650402095855615324
1650402096089928796
1650402096324328584
1650402096558686557
1650402096793055216
1650402097027426652
1650402097261843535
1650402097496237066
1650402097730561173
1650402097964949556
1650402098199311238
1650402098433694365
1650402098668069511
1650402098902421286
1650402099136807600
1650402099371251896
1650402099605598545
1650402099839951434
1650402100074332287
1650402100308733031
1650402100543071534
1650402100777446186
1650402101011808245
1650402101249372885
1650402101480550812
1650402101714929004
1650402101949411989
1650402102183687073
1650402102418050360
1650402102652428202
1650402102886843136
1650402103121285682
1650402103355716230
1650402103590005151
1650402103824303867
1650402104058678954
1650402104293062228
1650402104527441131
1650402104761807257
1650402104996194086
1650402105230577751
1650402105464951750
1650402105699312101
1650402105933682137
1650402106168052897
1650402106402424528
1650402106636830474
1650402106871192735
1650402107105728495
1650402107339966687
1650402107574304506
1650402107808687344
1650402108043074219
1650402108277468485
1650402108511801956
1650402108746181649
1650402108989320036
1650402109214941610
1650402109449383045
1650402109683684556
1650402109918052233
1650402110152424523
1650402110386871572
1650402110621188882
1650402110855578561
1650402111089940668
1650402111324336294
1650402111558703755
1650402111793069233
1650402112027455749
1650402112261806083
1650402112496177898
1650402112730558490
1650402112964940546
1650402113199330788
1650402113433685458
1650402113668069609
1650402113902424964
1650402114136838356
1650402114371211788
1650402114605584275
1650402114839936429
1650402115074313657
1650402115308696351
1650402115543057341
1650402115777436738
1650402116011822191
1650402116246187813
1650402116480555139
1650402116714938761
1650402116949343809
1650402117183773580
1650402117418055114
1650402117652445850
1650402117886823734
1650402118121190138
1650402118355556118
1650402118589921857
1650402118824301855
1650402119058697094
1650402119293097187
1650402119527438577
1650402119761809911
1650402119996188301
1650402120230569638
1650402120464951234
1650402120699324589
1650402120933678260
1650402121168080820
1650402121402446827
1650402121636820907
1650402121871228283
1650402122105561588
1650402122339929264
1650402122574303162
1650402122808709004
1650402123043063143
1650402123277433914
1650402123511807018
1650402123746206419
1650402123980550227
1650402124214929297
1650402124449336255
1650402124683702696
1650402124918060563
1650402125152441431
1650402125386826540
1650402125621188335
1650402125855554279
1650402126089930926
1650402126324318724
1650402126558708744
1650402126793077986
1650402127027457413
1650402127261821158
1650402127496220292
1650402127730550186
1650402127964932690
1650402128199380047
1650402128433682295
1650402128668065321
1650402128902450716
1650402129136810021
1650402129371184364
1650402129605565373
1650402129839940475
1650402130074324115
1650402130308714553
1650402130543072195
1650402130777449318
1650402131011811535
1650402131246176716
1650402131480578675
1650402131715063948
1650402131949378001
1650402132183698111
1650402132418052221
1650402132652433406
1650402132886844089
1650402133121210942
1650402133355568147
1650402133589964686
1650402133824310003
1650402134058688524
1650402134293067287
1650402134527429477
1650402134761807630
1650402134996197004
1650402135230556808
1650402135464936259
1650402135699315877
1650402135933695644
1650402136168066578
1650402136402433996
1650402136636810061
1650402136871203996
1650402137105576581
1650402137339963871
1650402137574309810
1650402137809315516
1650402138043057595
1650402138277428776
1650402138511801403
1650402138746199232
1650402138980561433
1650402139214965135
1650402139449359837
1650402139683699596
1650402139918082003
1650402140152445893
1650402140386855172
1650402140621199118
1650402140855566824
1650402141089943419
1650402141329373939
1650402141558693539
1650402141793062322
1650402142027442234
1650402142261806685
1650402142496187581
1650402142730579625
1650402142964939484
1650402143199296309
1650402143433680874
1650402143668082439
1650402143902454541
1650402144136872996
1650402144371204009
1650402144605574503
1650402144839941849
1650402145074317158
1650402145308691136
1650402145543071169
1650402145777437573
1650402146011813977
1650402146246191772
1650402146480561271
1650402146714942011
1650402146949323232
1650402147183685548
1650402147418060420
1650402147652476607
1650402147886890478
1650402148121182797
1650402148355606060
1650402148589932694
1650402148824322439
1650402149058695870
1650402149293077988
1650402149527499623
1650402149761873186
1650402149996190527
1650402150230561388
1650402150464975267
1650402150699333444
1650402150933701175
1650402151168054261
1650402151402424662
1650402151636827766
1650402151871218019
1650402152105561569
1650402152339940936
1650402152574314858
1650402152808688354
1650402153043050702
1650402153277449756
1650402153511804329
1650402153746190068
1650402153980561993
1650402154214946401
1650402154449341532
1650402154683671645
1650402154918079479
1650402155152446796
1650402155386822152
1650402155621212915
1650402155855564678
1650402156089942442
1650402156324315467
1650402156558710121
1650402156793050073
1650402157027447042
1650402157261804199
1650402157496233800
1650402157730564587
1650402157964991188
1650402158199308255
1650402158433672637
1650402158668054315
1650402158902423141
1650402159136832154
1650402159371202279
1650402159605584126
1650402159839927307
1650402160074322062
1650402160308685894
1650402160543058022
1650402160777446631
1650402161011808481
1650402161246190222
1650402161480549186
1650402161714940816
1650402161949351741
1650402162183705448
1650402162418055044
1650402162652471861
1650402162886829790
1650402163121182073
1650402163355581060
1650402163589937232
1650402163824315071
1650402164058683688
1650402164293068159
1650402164527443704
1650402164761812972
1650402164996190110
1650402165230562750
1650402165464941075
1650402165699296623
1650402165933678782
1650402166168050257
1650402166402441733
1650402166636828524
1650402166871180037
1650402167105555477
1650402167339973141
1650402167574330416
1650402167808692839
1650402168043057670
1650402168277421225
1650402168511809077
1650402168746195613
1650402168980558946
1650402169214952411
1650402169449355375
1650402169683699971
1650402169918050547
1650402170152442273
1650402170386831777
1650402170621204504
1650402170855560379
1650402171089945033
1650402171324318984
1650402171558681380
1650402171793065350
1650402172027442228
1650402172261825552
1650402172496194858
1650402172730575294
1650402172964960525
1650402173199328741
1650402173433676864
1650402173668052561
1650402173902441370
1650402174136825457
1650402174371184694
1650402174605552320
1650402174839929056
1650402175074337090
1650402175308673181
1650402175543048883
1650402175777439271
1650402176011827991
1650402176246195714
1650402176480563215
1650402176714969697
1650402176949347106
1650402177183687350
1650402177418058335
1650402177652486504
1650402177886826341
1650402178121210531
1650402178355553685
1650402178589950561
1650402178824316771
1650402179058697814
1650402179293050323
1650402179527439590
1650402179761810265
1650402179996190718
1650402180230561265
1650402180464954368
1650402180699340916
1650402180933695316
1650402181168065662
1650402181402535674
1650402181636845577
1650402181871189572
1650402182105654566
1650402182339941805
1650402182574334228
1650402182808697021
1650402183043060241
1650402183277433852
1650402183511821536
1650402183746186184
1650402183980573554
1650402184214949796
1650402184449339687
1650402184683702504
1650402184918055932
1650402185152460768
1650402185386811736
1650402185621192277
1650402185855579930
1650402186089944268
1650402186324317590
1650402186558678023
1650402186793048344
1650402187027531257
1650402187261799416
1650402187496199962
1650402187730562230
1650402187964946647
1650402188199394638
1650402188433672948
1650402188668083292
1650402188902436841
1650402189136814743
1650402189371193609
1650402189605641473
1650402189839945007
1650402190074302670
1650402190308689482
1650402190543056073
1650402190777452608
1650402191011836402
1650402191246188050
1650402191480557495
1650402191714974810
1650402191949375402
1650402192183694275
1650402192418061741
1650402192652452854
1650402192886847246
1650402193121183343
1650402193355565551
1650402193589948908
1650402193824298673
1650402194058679456
1650402194293049259
1650402194527698115
1650402194761824959
1650402194996196596
1650402195230560013
1650402195464936505
1650402195699327310
1650402195933704579
1650402196168065869
1650402196402428788
1650402196636806875
1650402196871194683
1650402197105552048
1650402197339927674
1650402197574353928
1650402197808689684
1650402198043120476
1650402198277428716
1650402198511801603
1650402198746177268
1650402198980579358
1650402199214948118
1650402199449340156
1650402199683696416
1650402199918080750
1650402200152449919
1650402200386841810
1650402200621184221
1650402200855606742
1650402201089946469
1650402201324303696
1650402201558677794
1650402201793069651
1650402202027440768
1650402202261811961
1650402202496185543
1650402202730570995
1650402202964947484
1650402203199323012
1650402203433672189
1650402203668064106
1650402203902440487
1650402204136858590
1650402204371192640
1650402204605562986
1650402204842581848
1650402205074316326
1650402205308690841
1650402205543079077
1650402205777437444
1650402206011811718
1650402206246217513
1650402206480561586
1650402206714934788
1650402206949397396
1650402207183688305
1650402207418074954
1650402207652601193
1650402207889365474
1650402208121181106
1650402208355557553
1650402208589951334
1650402208824309763
1650402209058678545
1650402209293072217
1650402209527440185
1650402209761819468
1650402209996198714
1650402210230564611
1650402210464945933
1650402210699344478
1650402210933681505
1650402211168060458
1650402211402427654
1650402211636862329
1650402211871200803
1650402212105571388
1650402212339958419
1650402212574301080
1650402212808691999
1650402213043065271
1650402213277422786
1650402213511800615
1650402213746180593
1650402213980547645
1650402214214934920
1650402214449337918
1650402214683698121
1650402214918057564
1650402215152434212
1650402215386826805
1650402215621212601
1650402215855605880
1650402216089998622
1650402216324331162
1650402216558698758
1650402216793050891
1650402217027427357
1650402217261819214
1650402217496186960
1650402217730560502
1650402217964956785
1650402218199364699
1650402218433679818
1650402218668083029
1650402218902435388
1650402219136836452
1650402219371179426
1650402219605555324
1650402219839937778
1650402220074316900
1650402220308686578
1650402220543057961
1650402220777448824
1650402221011843799
1650402221246191517
1650402221480599235
1650402221714927176
1650402221949327449
1650402222183691613
1650402222418059815
1650402222652459961
1650402222886845792
1650402223121191310
1650402223355592532
1650402223589940347
1650402223824302366
1650402224058685311
1650402224293088480
1650402224527455538
1650402224761822004
1650402224996182932
1650402225230592029
1650402225464943719
1650402225699330428
1650402225933718340
1650402226168079253
1650402226402441872
1650402226636810545
1650402226871185163
1650402227105564467
1650402227339939977
1650402227574327615
1650402227808697976
1650402228043066727
1650402228277429368
1650402228511831638
1650402228746214427
1650402228980568994
1650402229214930397
1650402229449344873
1650402229683683350
1650402229918080326
1650402230152467285
1650402230386907430
1650402230621180910
1650402230855551130
1650402231089941146
1650402231324311886
1650402231558682812
1650402231793064830
1650402232027424589
1650402232261813331
1650402232496208648
1650402232730556020
1650402232964937929
1650402233199322155
1650402233433694992
1650402233668083866
1650402233902441167
1650402234136885504
1650402234371199752
1650402234605572054
1650402234839921561
1650402235074361696
1650402235308708668
1650402235543058158
1650402235777432500
1650402236011808804
1650402236246251684
1650402236480559640
1650402236714932317
1650402236949341086
1650402237183673710
1650402237418054334
1650402237652440069
1650402237886866896
1650402238121187299
1650402238355565240
1650402238589927162
1650402238824331565
1650402239058712562
1650402239293061857
1650402239527449300
1650402239761802151
1650402239996196797
1650402240230576779
1650402240464946817
1650402240699335021
1650402240933689633
1650402241168073765
1650402241402436435
1650402241636885066
1650402241871189329
1650402242105577518
1650402242339944764
1650402242574312751
1650402242808691700
1650402243043076057
1650402243277430546
1650402243517121644
1650402243746179986
1650402243980550623
1650402244215000872
1650402244449370455
1650402244683686169
1650402244918049123
1650402245152458578
1650402245386840552
1650402245621187879
1650402245855646167
1650402246089928810
1650402246324307602
1650402246558693763
1650402246793066425
1650402247027441254
1650402247261819066
1650402247496183637
1650402247730565819
1650402247964932335
1650402248199342556
1650402248433696334
1650402248668061240
1650402248902436407
1650402249136823462
1650402249371204612
1650402249605556299
1650402249839923412
1650402250074322525
1650402250308677992
1650402250543060588
1650402250777433906
1650402251011825595
1650402251246205304
1650402251480568792
1650402251714941501
1650402251949317285
1650402252183689311
1650402252418064504
1650402252652439901
1650402252886813872
1650402253121187603
1650402253355772462
1650402253589950104
1650402253824314503
1650402254058730180
1650402254293096785
1650402254527437982
1650402254761808791
1650402254996184562
1650402255230560595
1650402255465566582
1650402255699313790
1650402255933697823
1650402256168086616
1650402256402457317
1650402256636841000
1650402256871179480
1650402257105667088
1650402257339952312
1650402257574324108
1650402257808674053
1650402258043068645
1650402258277457425
1650402258511812501
1650402258746182985
1650402258980567561
1650402259214943157
1650402259449376827
1650402259683687166
1650402259918050189
1650402260152438805
1650402260386809996
1650402260621191114
1650402260855566712
1650402261089943256
1650402261324320913
1650402261558681088
1650402261793072800
1650402262027438475
1650402262261812874
1650402262496176977
1650402262730567191
1650402262964957609
1650402263199313806
1650402263433688596
1650402263668064368
1650402263902453399
1650402264136940818
1650402264371192390
1650402264605576793
1650402264839941049
1650402265074318712
1650402265308709154
1650402265543067005
1650402265777440243
1650402266011833426
1650402266246189038
1650402266480569001
1650402266714934631
1650402266949344390
1650402267183684966
1650402267418054579
1650402267652453600
1650402267886837676
1650402268121192827
1650402268355575072
1650402268589936743
1650402268824307896
1650402269058686623
1650402269293114536
1650402269527430450
1650402269761810882
1650402269996193555
1650402270230555786
1650402270464997867
1650402270699336376
1650402270933698681
1650402271168061747
1650402271402449664
1650402271636826878
1650402271871192092
1650402272105555530
1650402272339952264
1650402272574314851
1650402272808677789
1650402273043051339
1650402273277449705
1650402273511804257
1650402273746255678
1650402273980568934
1650402274214946339
1650402274449342003
1650402274683684705
1650402274918070463
1650402275152450462
1650402275386849721
1650402275621197017
1650402275855572091
1650402276089924370
1650402276324309076
1650402276558683911
1650402276793062191
1650402277027458841
1650402277261810068
1650402277496201442
1650402277730562668
1650402277964947098
1650402278199307326
1650402278433752220
1650402278668059320
1650402278902456603
1650402279136817815
1650402279371181823
1650402279605626348
1650402279839932580
1650402280074337255
1650402280308681506
1650402280543050090
1650402280777430489
1650402281011808777
1650402281246195511
1650402281480563949
1650402281714934424
1650402281949329843
1650402282183701635
1650402282418066575
1650402282652449959
1650402282886844547
1650402283121188396
1650402283355573819
1650402283589940613
1650402283824317148
1650402284058703442
1650402284293130256
1650402284527438719
1650402284761811275
1650402284996193607
1650402285230561146
1650402285464951073
1650402285699307279
1650402285933687965
1650402286168065320
1650402286402455768
1650402286636815198
1650402286871192090
1650402287105552983
1650402287339923193
1650402287574309068
1650402287808709500
1650402288043050302
1650402288277425273
1650402288511873890
1650402288746189213
1650402288980576554
1650402289214953378
1650402289449365461
1650402289683676527
1650402289918073166
1650402290152454787
1650402290386803355
1650402290621232366
1650402290855564378
1650402291089935538
1650402291324330366
1650402291558678065
1650402291793071596
1650402292027445684
1650402292261805644
1650402292496184011
1650402292730561916
1650402292964926209
1650402293199368540
1650402293433697169
1650402293668061538
1650402293902497925
1650402294137012367
1650402294371196704
1650402294605574649
1650402294839936187
1650402295074329725
1650402295308690321
1650402295543052250
1650402295777558954
1650402296011809570
1650402296246178241
1650402296480555227
1650402296714959343
1650402296949355273
1650402297183693224
1650402297418061879
1650402297652467626
1650402297886827003
1650402298121216381
1650402298355551464
1650402298589935639
1650402298824316185
1650402299058691138
1650402299293064056
1650402299527441251
1650402299761813114
1650402299996197883
1650402300230548766
1650402300464921075
1650402300699335902
1650402300933704896
1650402301168053428
1650402301402451924
1650402301636802957
1650402301871209471
1650402302105600245
1650402302339927910
1650402302574309945
1650402302808676109
1650402303043066422
1650402303277439051
1650402303511848791
1650402303746174218
1650402303980565402
1650402304214942774
1650402304449318590
1650402304683702499
1650402304918065538
1650402305152474837
1650402305386832322
1650402305621189788
1650402305855603773
1650402306089942389
1650402306324328542
1650402306558732880
1650402306793053720
1650402307027439336
1650402307261798529
1650402307496210017
1650402307730566766
1650402307964940847
1650402308199318060
1650402308433684902
1650402308668084781
1650402308902464124
1650402309136878800
1650402309371193516
1650402309605562638
1650402309841394240
1650402310074317994
1650402310308678526
1650402310543048261
1650402310777455403
1650402311011834250
1650402311246185358
1650402311480574743
1650402311714944221
1650402311949344680
1650402312183681770
1650402312418097694
1650402312652538858
1650402312886816487
1650402313121200190
1650402313355555524
1650402313589943616
1650402313824369097
1650402314058709524
1650402314293060415
1650402314527458750
1650402314761801512
1650402314996204217
1650402315230577629
1650402315464949614
1650402315699319766
1650402315933683733
1650402316168076886
1650402316402453188
1650402316636808583
1650402316871198718
1650402317105560466
1650402317339942936
1650402317574316370
1650402317808724210
1650402318043062867
1650402318277426673
1650402318511804257
1650402318746186321
1650402318980587071
1650402319214935305
1650402319449358371
1650402319683737364
1650402319918050839
1650402320152483129
1650402320386835939
1650402320621192045
1650402320855573706
1650402321089956072
1650402321324323698
1650402321558689361
1650402321793075283
1650402322027427984
1650402322261807834
1650402322496175574
1650402322730576868
1650402322964951385
1650402323199300126
1650402323433687089
1650402323668061626
1650402323902469811
1650402324136841664
1650402324371197889
1650402324605573835
1650402324839939004
1650402325074315025
1650402325308695048
1650402325543065070
1650402325777438297
1650402326011831319
1650402326246184788
1650402326480559442
1650402326714942410
1650402326949335786
1650402327183691682
1650402327418066005
1650402327652433494
1650402327886815576
1650402328121193695
1650402328355567353
1650402328589995417
1650402328824300001
1650402329058693844
1650402329293053097
1650402329527480737
1650402329761810026
1650402329996184334
1650402330230572699
1650402330464949638
1650402330699335095
1650402330933731293
1650402331168078882
1650402331402452748
1650402331636805912
1650402331871188389
1650402332105570053
1650402332339929792
1650402332574309235
1650402332808694788
1650402333043068509
1650402333277481823
1650402333511817842
1650402333746200657
1650402333980565268
1650402334214927437
1650402334449326475
1650402334683691200
1650402334918053127
1650402335152452019
1650402335386808097
1650402335621179693
1650402335855583900
1650402336089934886
1650402336324330280
1650402336558692249
1650402336793107309
1650402337027430426
1650402337261818915
1650402337496196033
1650402337730617355
1650402337964944214
1650402338199297038
1650402338433718935
1650402338668053537
1650402338902451194
1650402339136814112
1650402339371234233
1650402339605563263
1650402339839927385
1650402340074337544
1650402340308672965
1650402340543067310
1650402340777432378
1650402341011810613
1650402341246206109
1650402341480551494
1650402341714933879
1650402341949312856
1650402342183672686
1650402342418106924
1650402342652449385
1650402342886822123
1650402343121196437
1650402343355562436
1650402343589966435
1650402343824303028
1650402344058691713
1650402344293060029
1650402344527447974
1650402344761805235
1650402344996189680
1650402345230549776
1650402345464950112
1650402345699333614
1650402345933690655
1650402346168054863
1650402346402475422
1650402346636836075
1650402346871178043
1650402347105610400
1650402347339944944
1650402347574316951
1650402347808694198
1650402348043079241
1650402348277436250
1650402348511817554
1650402348746185785
1650402348980574052
1650402349214954302
1650402349449349016
1650402349683681489
1650402349918068425
1650402350152493861
1650402350386810133
1650402350621183349
1650402350855567712
1650402351089935928
1650402351324338108
1650402351558679751
1650402351793156060
1650402352027457611
1650402352261849997
1650402352496196383
1650402352730555157
1650402352964940413
1650402353199346744
1650402353433674669
1650402353668048853
1650402353902444462
1650402354136830313
1650402354371207628
1650402354605562777
1650402354839925055
1650402355074321926
1650402355308684465
1650402355543049282
1650402355777436228
1650402356011820619
1650402356246177234
1650402356480553533
1650402356714929667
1650402356949354373
1650402357183703194
1650402357418055866
1650402357652437093
1650402357886815099
1650402358121193531
1650402358355564130
1650402358589940045
1650402358824301867
1650402359058679671
1650402359293053439
1650402359527467558
1650402359761819419
1650402359996201372
1650402360230557328
1650402360464925653
1650402360699345959
1650402360933694952
1650402361168096907
1650402361402438253
1650402361636831821
1650402361871179834
1650402362105563217
1650402362339976860
1650402362574301060
1650402362808734480
1650402363043091698
1650402363277441918
1650402363511810582
1650402363746197875
1650402363980562835
1650402364214944890
1650402364449309555
1650402364683672684
1650402364918054460
1650402365152454515
1650402365386831757
1650402365621189591
1650402365855562777
1650402366089939130
1650402366324299151
1650402366558698819
1650402366793076858
1650402367027432750
1650402367261803680
1650402367496198998
1650402367730549928
1650402367964945525
1650402368199336048
1650402368433702591
1650402368668086560
1650402368902452010
1650402369136813554
1650402369371193746
1650402369605566013
1650402369839982242
1650402370074305620
1650402370308677463
1650402370543064749
1650402370777435296
1650402371011831027
1650402371246181815
1650402371480630455
1650402371714935763
1650402371949396939
1650402372183673600
1650402372418071538
1650402372652531475
1650402372886819563
1650402373121178965
1650402373355615534
1650402373589943882
1650402373824323600
1650402374058698855
1650402374293065278
1650402374527447460
1650402374761808439
1650402374996185844
1650402375230565268
1650402375464951823
1650402375699350525
1650402375933699561
1650402376168066172
1650402376402433636
1650402376636815321
1650402376871178248
1650402377105574712
1650402377339935603
1650402377574309865
1650402377808715107
1650402378043061277
1650402378277452836
1650402378511802303
1650402378746175825
1650402378980563551
1650402379214944334
1650402379449345284
1650402379683697586
1650402379918063166
1650402380152534356
1650402380386809846
1650402380621203557
1650402380855568731
1650402381089937998
1650402381324310432
1650402381558703219
1650402381793055320
1650402382027429848
1650402382261823617
1650402382496191331
1650402382730556231
1650402382964942463
1650402383199300938
1650402383433682691
1650402383668072148
1650402383902484770
1650402384136896042
1650402384371194242
1650402384605578478
1650402384839948751
1650402385074320895
1650402385308688373
1650402385543075796
1650402385777442533
1650402386011812160
1650402386246202214
1650402386480563638
1650402386714938285
1650402386949346876
1650402387183689487
1650402387418066005
1650402387652431709
1650402387886834468
1650402388121197710
1650402388355553656
1650402388589926417
1650402388824325937
1650402389058689606
1650402389293061739
1650402389527439724
1650402389761811802
1650402389996199249
1650402390230550032
1650402390464927870
1650402390699309523
1650402390933766953
1650402391168071590
1650402391402454411
1650402391636814881
1650402391871192962
1650402392105579672
1650402392339939755
1650402392574309652
1650402392808687975
1650402393043067446
1650402393277439364
1650402393511804225
1650402393746198864
1650402393980561152
1650402394214944756
1650402394449351934
1650402394683690112
1650402394918073901
1650402395152449728
1650402395386818723
1650402395621193143
1650402395855555508
1650402396089954318
1650402396324302722
1650402396558716514
1650402396793049714
1650402397027483358
1650402397261805430
1650402397496187095
1650402397730566537
1650402397964944571
1650402398199389014
1650402398433681866
1650402398668070291
1650402398902453772
1650402399136832531
1650402399371181125
1650402399605584551
1650402399839938164
1650402400074314054
1650402400308698945
1650402400543053152
1650402400777432302
1650402401011811453
1650402401246189735
1650402401480562183
1650402401714945298
1650402401949309376
1650402402183700196
1650402402418081739
1650402402652432300
1650402402886825917
1650402403121178294
1650402403355559616
1650402403589944956
1650402403824359944
1650402404058680638
1650402404293049499
1650402404527457544
1650402404761827053
1650402404996181247
1650402405230570387
1650402405464955138
1650402405699325833
1650402405933693159
1650402406168061059
1650402406402457849
1650402406636823657
1650402406871187725
1650402407105568163
1650402407339945158
1650402407574302079
1650402407808689852
1650402408043065384
1650402408277436732
1650402408511801396
1650402408746205003
1650402408980623684
1650402409214946183
1650402409449365792
1650402409683679976
1650402409918111566
1650402410152492509
1650402410386821972
1650402410621183305
1650402410855562972
1650402411089934916
1650402411324318214
1650402411558686197
1650402411793056309
1650402412027427884
1650402412261810924
1650402412496182853
1650402412730552337
1650402412964922044
1650402413199368732
1650402413433709348
1650402413668070797
1650402413902445542
1650402414136862935
1650402414371196497
1650402414605583818
1650402414839938972
1650402415074345460
1650402415308687893
1650402415543062827
1650402415777452871
1650402416011800694
1650402416246199017
1650402416480562674
1650402416714942924
1650402416949430931
1650402417183695128
1650402417418099490
1650402417652451686
1650402417886819956
1650402418121193226
1650402418355572146
1650402418589943639
1650402418824327559
1650402419058687979
1650402419293066788
1650402419527432783
1650402419761815649
1650402419996182940
1650402420230594473
1650402420464944063
1650402420699317226
1650402420933694185
1650402421168096942
1650402421402434644
1650402421636827549
1650402421871189566
1650402422105594602
1650402422340006786
1650402422574303731
1650402422808677490
1650402423043047730
1650402423277438139
1650402423511818344
1650402423746191419
1650402423980547902
1650402424214945515
1650402424449333277
1650402424683679132
1650402424918083430
1650402425152447619
1650402425386835216
1650402425621177479
1650402425855558021
1650402426089949469
1650402426324325105
1650402426558679259
1650402426793048061
1650402427027428418
1650402427261810037
1650402427496181396
1650402427730557588
1650402427964935373
1650402428199344418
1650402428433691908
1650402428668082250
1650402428902462240
1650402429136829454
1650402429371266778
1650402429605550530
1650402429839929170
1650402430074337402
1650402430308677988
1650402430543067889
1650402430777439697
1650402431011802801
1650402431246174685
1650402431480561272
1650402431714945007
1650402431949386112
1650402432183679109
1650402432418058234
1650402432652461693
1650402432886825652
1650402433121177798
1650402433355619517
1650402433589937348
1650402433824301124
1650402434058679177
1650402434293049084
1650402434527430194
1650402434761809230
1650402434996181063
1650402435230587970
1650402435464938767
1650402435699390045
1650402435933674695
1650402436168066270
1650402436402446717
1650402436636821367
1650402436871198832
1650402437105559113
1650402437339965560
1650402437574315323
1650402437808687660
1650402438043062497
1650402438277427114
1650402438511827896
1650402438746201808
1650402438980551369
1650402439214936635
1650402439449330993
1650402439683673537
1650402439918059969
1650402440152466476
1650402440386824873
